9.930670000000000816e-03
7.408400000000000318e+00
1.025450000000000017e+01
1.009600000000000009e+01
9.780210000000000292e+00
9.263939999999999841e+00
8.464510000000000645e+00
7.272639999999999993e+00
5.271469999999999878e+00
4.948629999999999640e+00
4.631859999999999644e+00
4.319700000000000095e+00
4.009540000000000326e+00
3.699209999999999887e+00
3.385810000000000208e+00
1.608330000000000037e+00
7.103859999999999619e-01
7.216810000000000169e-01
8.083569999999999922e-01
2.517079999999999984e+00
5.630690000000000417e+00
6.181610000000000049e+00
6.728130000000000166e+00
7.275549999999999962e+00
7.827919999999999767e+00
8.390019999999999811e+00
8.964620000000000033e+00
1.262299999999999933e+01
1.494480000000000075e+01
1.659140000000000015e+01
1.772619999999999862e+01
1.848209999999999908e+01
1.894960000000000022e+01
1.926050000000000040e+01
1.929129999999999967e+01
1.987409999999999854e+01
2.143149999999999977e+01
2.349589999999999890e+01
2.499030000000000129e+01
2.508180000000000121e+01
2.470970000000000155e+01
2.371829999999999927e+01
2.187290000000000134e+01
1.888319999999999865e+01
1.367159999999999975e+01
1.281690000000000040e+01
1.198140000000000072e+01
1.116070000000000029e+01
1.034709999999999930e+01
9.535170000000000812e+00
8.717660000000000409e+00
3.971270000000000078e+00
3.294570000000000221e+00
2.780400000000000205e+00
1.658549999999999969e+00
1.630190000000000028e+00
1.768610000000000015e+00
3.370340000000000114e+00
4.055939999999999657e+00
4.951830000000000176e+00
1.120909999999999940e+01
1.228790000000000049e+01
1.336020000000000074e+01
1.443580000000000041e+01
1.552219999999999978e+01
1.662979999999999947e+01
1.776460000000000150e+01
2.484400000000000119e+01
2.918359999999999843e+01
3.212599999999999767e+01
3.401700000000000301e+01
3.513689999999999714e+01
3.567369999999999663e+01
3.532240000000000180e+01
3.433339999999999748e+01
3.426970000000000027e+01
3.588880000000000337e+01
3.840379999999999683e+01
4.010790000000000077e+01
4.001520000000000010e+01
3.919539999999999935e+01
3.741700000000000159e+01
3.433050000000000068e+01
2.950009999999999977e+01
2.127609999999999957e+01
1.994359999999999999e+01
1.863960000000000150e+01
1.735760000000000147e+01
1.608620000000000161e+01
1.481639999999999979e+01
1.353650000000000020e+01
6.289710000000000356e+00
2.448580000000000201e+00
2.361870000000000136e+00
2.513180000000000192e+00
6.883639999999999759e+00
1.499109999999999943e+01
1.642360000000000042e+01
1.784519999999999840e+01
1.926930000000000121e+01
2.070589999999999975e+01
2.216799999999999926e+01
2.366310000000000002e+01
3.297549999999999670e+01
3.859340000000000259e+01
4.232159999999999656e+01
4.462890000000000157e+01
4.589339999999999975e+01
4.636760000000000304e+01
4.533959999999999724e+01
4.344019999999999726e+01
4.267849999999999966e+01
4.400650000000000261e+01
4.646029999999999660e+01
4.794259999999999877e+01
4.759150000000000347e+01
4.641649999999999920e+01
4.414330000000000354e+01
4.036370000000000147e+01
3.457410000000000139e+01
2.486309999999999931e+01
2.329739999999999966e+01
2.176579999999999870e+01
2.026069999999999993e+01
1.876920000000000144e+01
1.728089999999999904e+01
1.578200000000000003e+01
1.208559999999999945e+01
7.421870000000000189e+00
6.174590000000000245e+00
5.202790000000000248e+00
4.447610000000000063e+00
3.086710000000000065e+00
2.880980000000000096e+00
2.726960000000000051e+00
2.623790000000000067e+00
2.584859999999999935e+00
2.714700000000000113e+00
2.837250000000000050e+00
2.967319999999999958e+00
3.129039999999999822e+00
3.325649999999999995e+00
3.804139999999999855e+00
4.454810000000000159e+00
5.324779999999999625e+00
7.239690000000000403e+00
1.575779999999999959e+01
1.726109999999999900e+01
1.875240000000000151e+01
2.024540000000000006e+01
2.175080000000000169e+01
2.328219999999999956e+01
2.484730000000000061e+01
3.455360000000000298e+01
4.033820000000000050e+01
4.411240000000000094e+01
4.637819999999999965e+01
4.754120000000000346e+01
4.787279999999999802e+01
4.637180000000000035e+01
4.391749999999999687e+01
4.258599999999999852e+01
4.334140000000000015e+01
4.523149999999999693e+01
4.625690000000000168e+01
4.578560000000000230e+01
4.452409999999999712e+01
4.222010000000000218e+01
3.849669999999999703e+01
3.288620000000000232e+01
2.358680000000000021e+01
2.209450000000000003e+01
2.063530000000000086e+01
1.920179999999999865e+01
1.778099999999999881e+01
1.636280000000000001e+01
1.493410000000000082e+01
6.844549999999999912e+00
2.488680000000000003e+00
2.337889999999999802e+00
2.423939999999999984e+00
6.248160000000000380e+00
1.347160000000000046e+01
1.474680000000000035e+01
1.601219999999999999e+01
1.727939999999999898e+01
1.855730000000000146e+01
1.985719999999999885e+01
2.118580000000000041e+01
2.938960000000000150e+01
3.420879999999999654e+01
3.729010000000000247e+01
3.907000000000000028e+01
3.990160000000000196e+01
4.002069999999999794e+01
3.834409999999999741e+01
3.583209999999999695e+01
3.421820000000000306e+01
3.428110000000000213e+01
3.527170000000000272e+01
3.560090000000000288e+01
3.504050000000000153e+01
3.391159999999999997e+01
3.202179999999999893e+01
2.908849999999999980e+01
2.476620000000000132e+01
1.772429999999999950e+01
1.659629999999999939e+01
1.549499999999999922e+01
1.441450000000000031e+01
1.334450000000000003e+01
1.227759999999999962e+01
1.120390000000000086e+01
4.970379999999999576e+00
4.075969999999999871e+00
3.390930000000000000e+00
1.787900000000000045e+00
1.648930000000000007e+00
1.677140000000000075e+00
2.799549999999999983e+00
3.313130000000000130e+00
3.988560000000000105e+00
8.717999999999999972e+00
9.531829999999999359e+00
1.033990000000000009e+01
1.114949999999999974e+01
1.196599999999999930e+01
1.279700000000000060e+01
1.364680000000000071e+01
1.883230000000000004e+01
2.181070000000000064e+01
2.364939999999999998e+01
2.463719999999999999e+01
2.500750000000000028e+01
2.491550000000000153e+01
2.342249999999999943e+01
2.136039999999999850e+01
1.980369999999999919e+01
1.921829999999999927e+01
1.918309999999999960e+01
1.887069999999999936e+01
1.840459999999999852e+01
1.765109999999999957e+01
1.652009999999999934e+01
1.487950000000000017e+01
1.256659999999999933e+01
8.924690000000000012e+00
8.352759999999999962e+00
7.793420000000000236e+00
7.243929999999999758e+00
6.699580000000000091e+00
6.156340000000000146e+00
5.608999999999999986e+00
2.514110000000000067e+00
8.111019999999999897e-01
7.243439999999999879e-01
7.128109999999999724e-01
1.605679999999999996e+00
3.370260000000000034e+00
3.681259999999999977e+00
3.989360000000000017e+00
4.297460000000000058e+00
4.607649999999999579e+00
4.922530000000000072e+00
5.243540000000000312e+00
7.233719999999999928e+00
8.419869999999999521e+00
9.215909999999999158e+00
9.730719999999999814e+00
1.004710000000000036e+01
1.020870000000000033e+01
1.010040000000000049e+01
9.738179999999999836e+00
9.411500000000000199e+00
9.136459999999999582e+00
8.840450000000000585e+00
8.529070000000000817e+00
6.830770000000000231e+00
9.896900000000000142e-03
