1.413396549984868335e-03
1.866917179461313270e-03
2.323161505094320772e-03
2.782205185110461082e-03
3.243972561283163091e-03
3.708514072430141740e-03
4.176334106728537762e-03
4.646928276001210424e-03
5.120548774336729225e-03
5.597195601735095033e-03
6.077120952284877781e-03
6.560577020074649136e-03
7.047059416927267499e-03
7.537072531019872734e-03
8.030616362352466578e-03
8.527690910925048162e-03
9.028296176737615752e-03
9.532936547967316154e-03
1.004135983052557336e-02
1.055356602441238738e-02
1.107005951780490327e-02
1.159058811661454677e-02
1.211540401492989041e-02
1.264475940683950327e-02
1.317865429234338706e-02
1.371683647735297100e-02
1.426006254413396575e-02
1.480833249268637131e-02
1.536164632301018768e-02
1.595278926661958946e-02
1.661252900232018312e-02
1.727857359023504333e-02
1.795167961262987902e-02
1.869918289115303153e-02
1.946156562090184394e-02
2.023050539695349370e-02
2.100600221930797734e-02
2.178830828205386913e-02
2.257792797336830373e-02
2.337486129325128462e-02
2.417986482396852418e-02
2.499268637143145164e-02
2.581458690608292098e-02
2.664430545748007473e-02
2.748411177242005704e-02
2.833148391001714603e-02
2.919146575204277158e-02
3.006153535761121529e-02
3.094169272672248755e-02
3.183445980026228250e-02
3.273983657823060361e-02
3.366538888328457491e-02
3.472964793705235476e-02
3.580399475436295276e-02
3.688842933521637585e-02
3.798547362049833204e-02
3.916322001412286813e-02
4.036870775749016454e-02
4.158680520528598712e-02
4.281499041662463478e-02
4.405326339150610060e-02
4.530162412993039150e-02
4.656511651366891658e-02
4.784374054272167581e-02
4.913749621708866921e-02
5.045142741854131280e-02
5.178301220619389161e-02
5.327600121053161636e-02
5.492535054978311265e-02
5.657722182992030308e-02
5.822909311005750044e-02
5.988096439019469086e-02
6.153535761121758929e-02
6.318975083224048772e-02
6.484666599414909416e-02
6.650358115605770060e-02
6.816049631796630703e-02
6.981741147987491347e-02
7.147684858266922792e-02
7.335317260163420894e-02
7.548169070916976864e-02
7.761273075759103635e-02
7.974377080601230405e-02
8.187481085443357176e-02
8.400585090285483947e-02
8.613689095127610718e-02
8.827045294058306901e-02
9.040401492989004473e-02
9.253505497831131243e-02
9.466861696761827427e-02
9.680217895692524999e-02
9.924846161605971329e-02
1.019166750731362869e-01
1.045848885302128606e-01
1.072531019872894065e-01
1.099187935034802860e-01
1.125870069605568319e-01
1.152552204176334055e-01
1.179234338747099792e-01
1.205916473317865389e-01
1.232598607888631126e-01
1.259280742459396585e-01
1.285962877030162321e-01
1.315545243619489491e-01
1.345985070109956827e-01
1.376500554826994849e-01
1.407142136588318271e-01
1.438086351255926654e-01
1.470543730454958176e-01
1.503101987289417740e-01
1.535786341168162983e-01
1.568596792091193348e-01
1.601558559467366194e-01
1.635554322606677935e-01
1.670079693331988357e-01
1.704781599919297785e-01
1.739660042368607051e-01
1.774715020679915045e-01
1.809921315444366074e-01
1.845405023706244430e-01
1.881140926056693308e-01
1.917355997175426152e-01
1.953671945929587317e-01
1.990063552910319722e-01
2.026530818117623367e-01
2.063048522142641172e-01
2.099591445576515780e-01
2.136184807828104271e-01
2.172803389488550396e-01
2.209396751740139164e-01
2.245359628770301486e-01
2.281019872894179401e-01
2.316528800564914559e-01
2.351911631191364593e-01
2.387143145364672703e-01
2.422248562493694857e-01
2.455815595682437069e-01
2.488373852516896911e-01
2.520755573489357193e-01
2.552960758599818192e-01
2.584989407848279908e-01
2.614496116211036392e-01
2.643246242308080474e-01
2.670231009785130616e-01
2.695702612730757619e-01
2.720417633410672775e-01
2.742106325027741098e-01
2.763542822556239176e-01
2.781700796933319619e-01
2.797841218601835878e-01
2.812468475738928442e-01
2.822808433370321834e-01
2.830626450116009440e-01
2.836174720064561505e-01
2.839705437304549385e-01
2.836426914153132306e-01
2.829113285584585746e-01
2.818268939776051862e-01
2.804902653081811637e-01
2.789014425501866179e-01
2.760516493493392343e-01
2.731766367396348261e-01
2.695450418642187373e-01
2.653334005850903066e-01
2.608695652173912971e-01
2.549682235448401113e-01
2.490694038131746058e-01
2.413573085846867639e-01
2.330424694845152911e-01
2.235221426409764733e-01
2.117522445273882781e-01
1.999798244729143470e-01
1.817209724604054999e-01
1.630888731968122562e-01
1.396776959548068076e-01
1.121582770099868870e-01
9.259558155956824910e-02
7.987491173206899553e-02
6.805205285988095987e-02
5.910672853828306123e-02
5.088015736911127157e-02
4.458034903661858145e-02
3.930444870372238469e-02
3.511298295167961103e-02
3.137294461817814739e-02
2.850549783113083893e-02
2.612730757591042244e-02
2.410874609099162777e-02
2.262660143246242317e-02
2.151568647230909029e-02
2.076591344698880057e-02
2.034323615454453754e-02
2.021436497528497980e-02
2.033642691415313286e-02
2.088772319176838282e-02
2.168137798849994677e-02
2.276404721073338119e-02
2.428452537072530934e-02
2.623575103399576267e-02
2.865681428427317712e-02
3.172601634217693534e-02
3.517098759205083969e-02
3.958942802380712583e-02
4.484263088873196440e-02
5.082971855139715306e-02
5.844345808534247982e-02
6.688691617068495687e-02
7.871229698375870054e-02
9.167759507717139489e-02
1.079743770806012165e-01
1.265030767678805568e-01
1.493014223746595148e-01
1.904973267426611494e-01
2.291864218702713563e-01
2.572379703419751529e-01
2.852567335821648009e-01
3.054322606678099294e-01
3.233128215474629363e-01
3.391506103096943447e-01
3.516342176939372122e-01
3.640926056693231105e-01
3.727680823161504953e-01
3.813174619186925907e-01
3.882780187632401958e-01
3.940280439826490677e-01
3.993997780692020161e-01
4.030818117623323205e-01
4.067386260466054337e-01
4.086553011197417429e-01
4.099919297891657655e-01
4.113285584585896770e-01
4.126904065368707797e-01
4.140270352062948023e-01
4.153132250580046092e-01
4.159941490971451605e-01
4.166750731362856563e-01
4.173559971754262077e-01
4.180117018057096234e-01
4.186926258448501748e-01
4.200796933319883020e-01
4.225764148088368977e-01
4.250479168768283578e-01
4.275194189448199844e-01
4.300161404216684691e-01
4.324876424896600402e-01
4.370775749016442835e-01
4.425249672147684721e-01
4.479471401190356361e-01
4.533945324321598247e-01
4.588167053364269332e-01
4.642893170584081464e-01
4.711742156763845113e-01
4.780338948855038517e-01
4.848935740946231920e-01
4.917532533037425324e-01
4.986129325128619283e-01
5.048169070916977974e-01
5.098103500453948778e-01
5.148037929990920691e-01
5.197720165439322360e-01
5.247654594976293163e-01
5.297589024513265077e-01
5.320790880661756539e-01
5.330878644204579686e-01
5.331635226470290423e-01
5.307424593967517978e-01
5.283213961464743313e-01
5.219156662967819882e-01
5.148542318168062293e-01
5.048169070916977974e-01
4.913245233531725598e-01
4.773025320286491957e-01
4.549329163724402658e-01
4.325633007162312249e-01
3.993493392514879670e-01
3.605871078381922556e-01
3.166044587914859099e-01
2.576919197014022056e-01
2.065545243619489602e-01
1.772066982749924413e-01
1.517477050337940059e-01
1.309189952587511419e-01
1.137370120044386146e-01
9.858771310400483989e-02
8.696660950267325052e-02
7.737566831433470571e-02
6.924997478059113920e-02
6.243064662564308531e-02
5.703117118934732110e-02
5.260012105316251574e-02
4.881720972460405067e-02
4.606829415918490406e-02
4.413648744073438851e-02
4.281246847573892678e-02
4.219207101785533987e-02
4.220215878139816496e-02
4.280742459396751770e-02
4.397508322404922870e-02
4.567991526278623871e-02
4.830273378392010292e-02
5.169474427519418075e-02
5.602491677595076297e-02
6.161353777867446119e-02
6.791082417028145024e-02
7.566579239382628663e-02
8.491879350348027766e-02
9.623222031675576771e-02
1.095455462523958479e-01
1.250000000000000000e-01
1.456799152627862581e-01
1.693029355391909574e-01
1.967920911933824235e-01
2.319454251992333349e-01
2.708312317159285998e-01
3.440179562191061913e-01
4.219963684051246111e-01
4.775295067083626943e-01
5.301876324018964803e-01
5.730354080500352776e-01
6.055180066579239906e-01
6.370927065469584871e-01
6.588066175728840568e-01
6.804953091899526019e-01
6.968627055381821922e-01
7.107333804095631313e-01
7.230404519318067713e-01
7.312871986280641279e-01
7.395339453243215955e-01
7.441490971451629743e-01
7.482850801977201094e-01
7.501008776354282093e-01
7.494199535962876579e-01
7.487138101482900820e-01
7.480076667002925062e-01
7.473267426611519548e-01
7.466205992131544900e-01
7.444769494603046267e-01
7.419802279834560865e-01
7.394835065066074353e-01
7.369867850297588951e-01
7.344900635529102439e-01
7.322959749823463316e-01
7.326490467063451195e-01
7.330021184303440185e-01
7.333551901543428064e-01
7.337082618783415944e-01
7.340361141934833578e-01
7.365328356703317869e-01
7.418793503480278773e-01
7.472258650257238566e-01
7.525723797034197249e-01
7.579188943811157042e-01
7.632654090588116835e-01
7.705285988096438610e-01
7.784727125996165897e-01
7.863916069807322939e-01
7.943357207707051337e-01
8.022546151518208379e-01
8.100221930797941727e-01
8.153434883486330165e-01
8.206900030263291068e-01
8.260112982951679506e-01
8.313325935640067943e-01
8.366538888328456380e-01
8.397054373045494957e-01
8.390749520831232156e-01
8.384192474528395778e-01
8.327700998688590817e-01
8.269948552405931297e-01
8.171845051951981409e-01
8.044487037223847503e-01
7.900232018561484937e-01
7.676031473822253481e-01
7.452083123171592272e-01
7.124735196207001575e-01
6.767376172702511683e-01
6.317461918692626188e-01
5.712448300211843133e-01
5.107434681731060078e-01
4.206849591445576686e-01
3.287097750428730203e-01
2.851054171290224870e-01
2.441692726722485829e-01
2.091722990013114014e-01
1.804978311308382821e-01
1.548849994956118248e-01
1.366715424190456940e-01
1.203571068294159163e-01
1.071597901745183212e-01
9.609855744981338210e-02
8.648996267527489512e-02
7.947644507212751896e-02
7.320185614849188116e-02
6.838242711590840350e-02
6.469282760012104450e-02
6.203722384747301782e-02
6.062745889236356017e-02
5.990870573993745812e-02
5.990870573993745812e-02
6.091748209421971733e-02
6.281650358115606347e-02
6.567386260466054337e-02
6.951477857359024404e-02
7.454605064057298613e-02
8.105265812569353856e-02
8.907243014223746591e-02
9.874407343891858369e-02
1.097498234641379883e-01
1.244123877736305894e-01
1.407797841218601798e-01
1.606350247150206967e-01
1.853878745082215285e-01
2.163497427620296454e-01
2.510415615857964355e-01
2.954453747604156022e-01
3.430848380913951168e-01
4.235851911631191014e-01
5.257237970341974709e-01
6.076616564107736318e-01
6.762080096842529864e-01
7.393826288711792261e-01
7.809946534853222655e-01
8.226066780994654160e-01
8.526934328659335760e-01
8.798547362049833342e-01
9.028800564914758464e-01
9.195753051548472001e-01
9.362705538182184428e-01
9.454756380510440650e-01
9.546302834661555270e-01
9.605316251387068238e-01
9.641632200141229125e-01
9.665590638555432434e-01
9.637092706546958043e-01
9.608846968627055007e-01
9.580349036618581726e-01
9.551851104610107335e-01
9.523605366690204299e-01
9.481993342076061593e-01
9.427771613033391063e-01
9.373297689902149177e-01
9.319075960859476426e-01
9.264602037728234540e-01
9.210380308685564010e-01
9.184152123474226270e-01
9.163976596388581086e-01
9.143548875214364546e-01
9.123373348128720473e-01
9.103197821043074178e-01
9.091596892968827337e-01
9.132956723494400908e-01
9.174568748108543614e-01
9.215928578634116075e-01
9.257288409159689646e-01
9.298648239685262107e-01
9.355139715525067068e-01
9.429789165741954138e-01
9.504186421870270962e-01
9.578835872087158032e-01
9.653233128215474856e-01
9.727630384343791681e-01
9.779582366589326670e-01
9.824977302532027501e-01
9.870372238474729443e-01
9.915767174417431384e-01
9.961162110360132216e-01
1.000000000000000000e+00
9.976041561585796691e-01
9.952335317260163627e-01
9.887773630586098594e-01
9.805053969534953673e-01
9.698880258246745933e-01
9.536215071118733233e-01
9.373549883990718312e-01
9.111520225965902275e-01
8.837133057601128661e-01
8.487844244930898840e-01
8.059618682538081114e-01
7.606930293553918476e-01
6.892464440633511158e-01
6.178250781801675195e-01
5.221678603853524558e-01
4.149853727428628458e-01
3.449762937556743458e-01
2.916120246141430394e-01
2.523958438414203309e-01
2.171668516089982903e-01
1.873095934631292259e-01
1.640572984969232428e-01
1.440835266821345606e-01
1.271310400484212677e-01
1.131922727731261846e-01
1.029506708362755985e-01
9.291082417028144469e-02
8.514576818319377627e-02
7.889639866841521854e-02
7.405427216786038269e-02
7.061938868152929649e-02
6.829163724402299851e-02
6.677595077171391558e-02
6.597145162917381067e-02
6.677342883082820757e-02
6.821093513568041167e-02
7.061434479975788048e-02
7.414254009886007968e-02
7.892414001815797886e-02
8.499192978916574048e-02
9.301170180570966783e-02
1.023050539695349592e-01
1.135503883788964025e-01
1.278573590235044799e-01
1.438742055886210180e-01
1.642540098860082731e-01
1.874533440936144435e-01
2.189271663472208140e-01
2.532280843337031961e-01
2.979420962372641979e-01
3.468425300110965503e-01
4.147583980631494027e-01
5.221426409764955423e-01
6.178502975890244331e-01
6.892968828810652759e-01
7.607434681731060078e-01
8.060375264803792961e-01
8.488348633108040442e-01
8.837889639866840508e-01
9.112276808231614122e-01
9.374306466256430159e-01
9.536971653384445080e-01
9.699636840512457781e-01
9.805810551800665520e-01
9.888278018763240196e-01
9.952839705437305229e-01
9.976293755674366937e-01
9.999747805911429754e-01
9.960909916271561970e-01
9.915514980328861139e-01
9.870120044386159197e-01
9.824725108443458366e-01
9.779077978412186178e-01
9.727378190255219215e-01
9.652980934126904611e-01
9.578583677998587786e-01
9.503934227781700717e-01
9.429536971653383892e-01
9.355139715525067068e-01
9.298648239685262107e-01
9.257288409159689646e-01
9.215928578634116075e-01
9.174820942197114970e-01
9.133461111671542509e-01
9.092101281145970049e-01
9.103702209220215780e-01
9.123877736305859854e-01
9.144305457480076393e-01
9.164733178654292933e-01
9.185160899828507253e-01
9.211389085039846103e-01
9.265863008171087989e-01
9.320336931302329875e-01
9.374558660345000405e-01
9.429032583476242291e-01
9.483506506607484177e-01
9.525118531221627993e-01
9.553616463230101274e-01
9.581862201150004310e-01
9.610360133158478702e-01
9.638858065166951983e-01
9.667103803086856129e-01
9.643145364672652819e-01
9.606577221829919466e-01
9.547563805104407608e-01
9.455765156864722742e-01
9.363714314536466521e-01
9.196761827902752984e-01
9.029557147180470311e-01
8.799303944315544079e-01
8.527690910925047607e-01
8.226571169171793541e-01
7.810450923030363146e-01
7.394078482800362506e-01
6.762080096842529864e-01
6.076112175930595827e-01
5.256229193987692616e-01
4.234590941188338675e-01
3.429839604559669075e-01
2.953697165338444175e-01
2.509709472409966668e-01
2.162866942398870007e-01
1.853323918087359801e-01
1.605845858973065643e-01
1.407369111268031714e-01
1.243745586603449971e-01
1.097145162917381039e-01
9.871381014829012923e-02
8.904468879249470559e-02
8.102743871683647237e-02
7.452335317260162795e-02
6.949712498739028799e-02
6.565620901846061508e-02
6.280137193584182931e-02
6.090487238979118423e-02
5.989861797639463997e-02
5.989861797639463997e-02
6.061989306970645003e-02
6.203217996570160875e-02
6.469030565923535037e-02
6.838242711590840350e-02
7.320185614849188116e-02
7.948148895389892110e-02
8.649752849793200526e-02
9.611116715424189438e-02
1.071749218198325415e-01
1.203798042973872606e-01
1.366992837687884543e-01
1.549203066680117091e-01
1.805457480076666787e-01
2.092353475234540461e-01
2.442474528397054478e-01
2.852062947644506963e-01
3.288358720871582541e-01
4.208614950065570071e-01
5.109956622616765864e-01
5.715726823363260767e-01
6.321749218198324805e-01
6.772167860385353011e-01
7.130031272066982284e-01
7.457883587208715692e-01
7.682336326036517393e-01
7.906789064864319094e-01
8.051548471703822152e-01
8.179158680520528524e-01
8.277514375063048657e-01
8.335519015434278423e-01
8.392767073539796341e-01
8.399576313931200744e-01
8.406637748411177613e-01
8.376374457782709282e-01
8.323413699182889980e-01
8.270452940583071788e-01
8.217492181983254707e-01
8.164279229294864049e-01
8.111318470695045857e-01
8.033642691415313619e-01
7.954201553515585221e-01
7.875012609704428179e-01
7.795571471804700892e-01
7.716130333904973604e-01
7.643246242308079363e-01
7.589781095531120680e-01
7.536315948754160887e-01
7.482850801977201094e-01
7.429637849288812657e-01
7.376172702511852863e-01
7.351205487743367462e-01
7.347674770503379582e-01
7.344144053263390592e-01
7.340613336023402713e-01
7.337082618783415944e-01
7.333804095631998310e-01
7.355492787249067188e-01
7.380712196106122835e-01
7.405679410874608237e-01
7.430898819731664995e-01
7.455866034500151507e-01
7.477302532028649029e-01
7.484111772420053432e-01
7.490921012811458946e-01
7.497730253202864459e-01
7.504539493594269972e-01
7.511348733985674375e-01
7.492686371431453995e-01
7.451074346817311289e-01
7.404166246343185653e-01
7.321446585292040732e-01
7.238474730152325565e-01
7.115151820841320029e-01
6.976192878038938172e-01
6.812266720468072023e-01
6.594875416120246081e-01
6.377484111772420139e-01
6.061484918793503818e-01
5.736154544537476196e-01
5.306920205790376377e-01
4.779330172500756424e-01
4.223242207202662635e-01
3.442953697165337945e-01
2.710834258044991230e-01
2.321950973469182056e-01
1.970215878139816301e-01
1.695147785735902080e-01
1.458766266518712884e-01
1.251790578028850742e-01
1.097119943508524098e-01
9.638858065166952538e-02
8.506254413396549530e-02
7.579945526076868612e-02
6.803692121456672570e-02
6.173206900030263344e-02
5.613588217492182508e-02
5.180066579239381991e-02
4.840361141934832606e-02
4.577574901644305277e-02
4.406839503682033476e-02
4.290073640673862376e-02
4.229294865328356995e-02
4.228286088974074486e-02
4.290578028851003978e-02
4.422727731261979350e-02
4.616412791284172507e-02
4.891304347826087168e-02
5.270099868859073888e-02
5.713457076566124532e-02
6.253909008372843248e-02
6.936346212044788850e-02
7.749924341773428704e-02
8.709522848784424787e-02
9.872641985271864151e-02
1.138832845758095402e-01
1.310753555936648718e-01
1.519166750731362758e-01
1.773857560778775155e-01
2.067436699283768942e-01
2.578684555634015996e-01
3.168314334711994640e-01
3.608645213356198589e-01
3.997024109754867549e-01
4.329415918490870929e-01
4.553364269141531029e-01
4.777564813880762484e-01
4.918036921214566926e-01
5.053212952688388437e-01
5.153586199939472756e-01
5.224452738827801701e-01
5.288762231413295378e-01
5.313225058004640289e-01
5.337687884595985199e-01
5.337183496418843598e-01
5.327600121053162052e-01
5.304650458993240836e-01
5.254716029456268922e-01
5.205033794007868364e-01
5.155099364470896450e-01
5.105417129022495892e-01
5.055482699485523979e-01
4.993442953697165287e-01
4.924846161605971329e-01
4.855997175426207679e-01
4.787400383335014831e-01
4.718551397155250626e-01
4.649954605064056667e-01
4.594976293755673735e-01
4.540502370624432960e-01
4.486028447493190519e-01
4.431806718450519433e-01
4.377332795319277547e-01
4.331433471199435115e-01
4.306466256430949158e-01
4.281751235751034002e-01
4.256784020982548600e-01
4.232069000302632333e-01
4.207101785534146376e-01
4.193231110662765659e-01
4.186421870271361256e-01
4.179864823968526544e-01
4.173055583577121030e-01
4.166246343185715517e-01
4.159689296882880805e-01
4.146575204277211935e-01
4.132956723494401463e-01
4.119590436800161237e-01
4.105971956017350766e-01
4.092353475234540294e-01
4.073438918591748559e-01
4.036618581660446070e-01
3.999798244729143026e-01
3.945576515686471941e-01
3.888076263492383777e-01
3.818470695046908281e-01
3.732724704932916526e-01
3.645717744376071878e-01
3.520881670533642649e-01
3.396045596691213420e-01
3.237415514980328535e-01
3.058357712095228775e-01
2.856350247150206689e-01
2.575406032482598362e-01
2.294436598406133232e-01
1.906864723090890557e-01
1.494376071824876362e-01
1.265787349944517137e-01
1.079920306668011587e-01
9.164733178654291268e-02
7.865177040250176388e-02
6.679864823968525989e-02
5.834258044991425668e-02
5.072127509331181283e-02
4.472914354887521510e-02
3.947594068395036265e-02
3.505750025219408345e-02
3.161505094320589404e-02
2.854837082618782995e-02
2.612982951679612698e-02
2.418137798849994899e-02
2.266367396348229618e-02
2.158352668213456976e-02
2.079188943811156876e-02
2.024210632502774013e-02
2.012105316251387027e-02
2.025068092403914041e-02
2.067335821648340691e-02
2.142287904771512236e-02
2.253354181377988444e-02
2.401492989004337664e-02
2.603147382225360490e-02
2.841218601835972940e-02
3.128215474629274240e-02
3.502471502067991405e-02
3.921870271360838878e-02
4.450216886916170261e-02
5.081458690608291889e-02
5.906133360234035873e-02
6.803187733279532357e-02
7.989004337738322969e-02
9.265106425905376974e-02
1.122541107636437080e-01
1.398164027035206092e-01
1.632729748814687742e-01
1.819429032583476380e-01
2.002395843841420220e-01
2.120296580248159091e-01
2.238197316654897684e-01
2.333526682134570707e-01
2.416801170180570835e-01
2.494023000100877574e-01
2.553212952688388993e-01
2.612226369413900851e-01
2.656864723090890945e-01
2.699233329970745499e-01
2.735549278724906386e-01
2.764551598910521268e-01
2.793049530918995105e-01
2.810955311207505303e-01
2.825330374256027066e-01
2.836174720064561505e-01
2.842731766367396218e-01
2.843992736810249111e-01
2.841722990013114125e-01
2.836679108241702552e-01
2.828356703318873899e-01
2.816251387067487122e-01
2.803389488550388498e-01
2.786492484616160392e-01
2.766316957530515208e-01
2.746141430444870024e-01
2.723191768384948808e-01
2.699485524059316299e-01
2.673257338847977449e-01
2.646524765459497552e-01
2.616765863008170823e-01
2.586502572379703602e-01
2.556239281751235271e-01
2.525471602945626448e-01
2.493064662564309641e-01
2.458968021789569025e-01
2.424694845152829403e-01
2.390295571471804659e-01
2.355719761928780076e-01
2.320891758297185525e-01
2.284626248360738243e-01
2.248310299606577078e-01
2.211943912034701754e-01
2.175552305053969626e-01
2.139110259255522783e-01
2.102592555230505256e-01
2.066049631796630370e-01
2.029531927771612843e-01
1.993064662564309475e-01
1.956723494401291230e-01
1.920508423282558108e-01
1.884444668616967467e-01
1.848557449813376385e-01
1.812846766871784587e-01
1.777312619792192072e-01
1.741980227983456198e-01
1.706849591445576408e-01
1.671870271360839100e-01
1.638000605265812482e-01
1.604534449712498867e-01
1.571244830021184258e-01
1.538182185009583369e-01
1.505220417633410523e-01
1.472384747301523356e-01
1.440330878644204560e-01
1.409437102794310614e-01
1.378644204579844434e-01
1.347977403409663932e-01
1.317436699283768831e-01
1.287778674467870421e-01
1.261046101079390802e-01
1.234338747099767986e-01
1.207606173711288228e-01
1.180898819731665550e-01
1.154166246343185792e-01
1.127458892363562976e-01
1.100751538383940298e-01
1.074018964995460540e-01
1.047311611015837723e-01
1.020579037627357966e-01
9.938716836477352878e-02
9.693836376475334360e-02
9.480227983456067375e-02
9.266367396348229590e-02
9.052759003328961218e-02
8.839402804398265034e-02
8.625794411378996662e-02
8.412186018359729678e-02
8.198829819429032106e-02
7.985473620498334535e-02
7.772117421567638351e-02
7.558761222636940780e-02
7.345405023706243208e-02
7.157520427721174305e-02
6.991576717441742861e-02
6.825380813073740616e-02
6.659437102794310559e-02
6.493493392514879115e-02
6.327801876324018471e-02
6.162110360133158521e-02
5.996418843942297877e-02
5.830979521840008034e-02
5.665540199737718191e-02
5.500100877635427654e-02
5.334913749621709306e-02
5.185362655099363949e-02
5.051951982245535960e-02
4.920558862100272296e-02
4.790931100575002155e-02
4.663068697669726231e-02
4.536467265207303617e-02
4.411378997276303726e-02
4.287299505699586344e-02
4.164480984565721577e-02
4.042419045697568519e-02
3.921618077272268771e-02
3.803591243821244361e-02
3.693886815293049436e-02
3.585191163119136326e-02
3.477756481388076526e-02
3.371330576011297847e-02
3.278270957328760504e-02
3.187733279531927699e-02
3.098456572177947857e-02
3.010188641178250524e-02
2.923181680621406153e-02
2.837183496418843945e-02
2.752194088570563552e-02
2.667961262987995560e-02
2.584989407848279838e-02
2.502673257338847851e-02
2.421290224957126785e-02
2.340688994249974855e-02
2.260869565217391366e-02
2.181806718450519239e-02
2.103450015131645354e-02
2.025799455260768669e-02
1.948804600020175373e-02
1.872465449409865812e-02
1.797589024513265160e-02
1.730227983456067778e-02
1.663497427620296704e-02
1.597447795823665750e-02
1.538257843236154505e-02
1.482850801977201455e-02
1.427973368304246739e-02
1.373575103399576197e-02
1.319656007263189830e-02
1.266190860486230210e-02
1.213204882477554591e-02
1.160647634419449160e-02
1.108519116311913570e-02
1.056794108746091088e-02
1.005497831130838272e-02
9.546050640572985649e-03
9.040653687077574580e-03
8.539291838999294587e-03
8.041460708161000601e-03
7.547412488651265156e-03
7.056642792292948385e-03
6.569403813174619355e-03
6.085443357207706398e-03
5.604761424392212116e-03
5.127358014728134773e-03
4.653233128215474371e-03
4.181882376677090174e-03
3.713557954201553418e-03
3.248259860788862800e-03
2.785988096439019190e-03
2.326339150610309998e-03
1.869464339755876146e-03
1.415338444466861679e-03
