2.471114149008885909e-03
3.240191387559808369e-03
4.009295967190703788e-03
4.778127136021872653e-03
5.547231715652767639e-03
6.316336295283663492e-03
7.085167464114831490e-03
7.854272043745728210e-03
8.623376623376623196e-03
9.392207792207792061e-03
1.016131237183868705e-02
1.093041695146958203e-02
1.173342447026657319e-02
1.260970608339029297e-02
1.348598769651401102e-02
1.436226930963772908e-02
1.523855092276144886e-02
1.611483253588516865e-02
1.699111414900888323e-02
1.786739576213260128e-02
1.874367737525631933e-02
1.961995898838004085e-02
2.049624060150375890e-02
2.137252221462747348e-02
2.236855775803144042e-02
2.343294600136705194e-02
2.449733424470266346e-02
2.556172248803827499e-02
2.662611073137388651e-02
2.769104579630895027e-02
2.875461380724538690e-02
2.981818181818181659e-02
3.088448393711551096e-02
3.194805194805194759e-02
3.301161995898838075e-02
3.407518796992480697e-02
3.537388926862611305e-02
3.668352699931646393e-02
3.799316473000682870e-02
3.930280246069719347e-02
4.061244019138755823e-02
4.192207792207792300e-02
4.323171565276828082e-02
4.453861927546137744e-02
4.584825700615174221e-02
4.715789473684210698e-02
4.846753246753246480e-02
4.986192754613807260e-02
5.148325358851674194e-02
5.310184552289815008e-02
5.472043745727955127e-02
5.634176349965823449e-02
5.796035543403963569e-02
5.958168147641831197e-02
6.120027341079972011e-02
6.282159945317838945e-02
6.444019138755979759e-02
6.605878332194121960e-02
6.768010936431988200e-02
6.949282296650717561e-02
7.144224196855775144e-02
7.338892686261107301e-02
7.533561175666438070e-02
7.728503075871497041e-02
7.923171565276827810e-02
8.117840054682159967e-02
8.312781954887217550e-02
8.507450444292549707e-02
8.702118933697880476e-02
8.897060833902939447e-02
9.091729323308270216e-02
9.307723855092275844e-02
9.526179084073820025e-02
9.745181134654817834e-02
9.964456596035542457e-02
1.018455228981544752e-01
1.040519480519480344e-01
1.062665755297334119e-01
1.084866712235133257e-01
1.107122351332877480e-01
1.129460013670540025e-01
1.151879699248120198e-01
1.174408749145591097e-01
1.196992481203007497e-01
1.219576213260423758e-01
1.241886534518113483e-01
1.264087491455912482e-01
1.286179084073820755e-01
1.308161312371838580e-01
1.330034176349965680e-01
1.351742993848256968e-01
1.373342447026657254e-01
1.394750512645249463e-01
1.415994531784005306e-01
1.436937799043062070e-01
1.455502392344497631e-01
1.473793574846206100e-01
1.491729323308270683e-01
1.509227614490772085e-01
1.526206425153793234e-01
1.542501708817498318e-01
1.556992481203007539e-01
1.567682843472316956e-01
1.578373205741626650e-01
1.589036226930963525e-01
1.599726589200273219e-01
1.609514695830485120e-01
1.610389610389610093e-01
1.611291866028707886e-01
1.612194121667805957e-01
1.613096377306903473e-01
1.613998632946001266e-01
1.599863294600136487e-01
1.585345181134654724e-01
1.570854408749145503e-01
1.556336295283663740e-01
1.541845522898154519e-01
1.516527682843472336e-01
1.485468215994531493e-01
1.448995215311004447e-01
1.413151059466848658e-01
1.360574162679425714e-01
1.306165413533834641e-01
1.233820915926178846e-01
1.155461380724538412e-01
1.051565276828434620e-01
9.265345181134652941e-02
7.639097744360902331e-02
6.030348598769651181e-02
5.251948051948051449e-02
4.521120984278878541e-02
3.901845522898154256e-02
3.390020505809979157e-02
2.935885167464114681e-02
2.613998632946001183e-02
2.326561859193438178e-02
2.092795625427204195e-02
1.900997949419001853e-02
1.735447710184552170e-02
1.616486671223513194e-02
1.512727272727272532e-02
1.436664388243335568e-02
1.382939166097060628e-02
1.350293916609705998e-02
1.344360902255639124e-02
1.353383458646616362e-02
1.379111414900888524e-02
1.426548188653451767e-02
1.496541353383458450e-02
1.590512645249487003e-02
1.709145591250854287e-02
1.858345864661653871e-02
2.048092959671906840e-02
2.275160628844839078e-02
2.549637730690362120e-02
2.858509911141490084e-02
3.266438824333561114e-02
3.723034859876964836e-02
4.270129870129869831e-02
4.959125085440874853e-02
5.808339029391660496e-02
6.768010936431988200e-02
7.983321941216678375e-02
9.286397812713600985e-02
1.154422419685577350e-01
1.432754613807245281e-01
1.670758714969241276e-01
1.861490088858509806e-01
2.014682159945317685e-01
2.138920027341079944e-01
2.242734107997265691e-01
2.327136021872863725e-01
2.388161312371838430e-01
2.441148325358851456e-01
2.477566643882433139e-01
2.499275461380724150e-01
2.506220095693779681e-01
2.498236500341763366e-01
2.474477101845522775e-01
2.445249487354750340e-01
2.382036910457963064e-01
2.308899521531100618e-01
2.202187286397812860e-01
2.074859876965139960e-01
1.899357484620642356e-01
1.684565960355433878e-01
1.394203691045796389e-01
1.096732740943267281e-01
9.543403964456595445e-02
8.216267942583731221e-02
7.079152426520847474e-02
6.149555707450444358e-02
5.317019822282979813e-02
4.729186602870812800e-02
4.202870813397128341e-02
3.781271360218728395e-02
3.430211893369787546e-02
3.128639781271360526e-02
2.915652768284347079e-02
2.728311688311688132e-02
2.592071086807928512e-02
2.496486671223513074e-02
2.439097744360902223e-02
2.429473684210526133e-02
2.447300068352699712e-02
2.494135338345864275e-02
2.583732057416267616e-02
2.711688311688311565e-02
2.882023239917976681e-02
3.097470950102529028e-02
3.367874231032125243e-02
3.707177033492822793e-02
4.120847573479152065e-02
4.612440191387559563e-02
5.169651401230348359e-02
5.903212576896787328e-02
6.719343814080655508e-02
7.707450444292548997e-02
8.929870129870128015e-02
1.045878332194121602e-01
1.216650717703349344e-01
1.435324675324675114e-01
1.669965823650033931e-01
2.063157894736842024e-01
2.565522898154476983e-01
3.000683526999315953e-01
3.345181134654818256e-01
3.621872863978126689e-01
3.842515379357484551e-01
4.026794258373205260e-01
4.173342447026657243e-01
4.279425837320573467e-01
4.368010936431989122e-01
4.428161312371838854e-01
4.462064251537935511e-01
4.469446343130553667e-01
4.450034176349965676e-01
4.402187286397812316e-01
4.343950786056048896e-01
4.225290498974709208e-01
4.092139439507860299e-01
3.899931647300067805e-01
3.671633629528366360e-01
3.361312371838687252e-01
2.982638414217361755e-01
2.472809295967190457e-01
1.946302118933697645e-01
1.678332194121667509e-01
1.442652084757347908e-01
1.239207108680792785e-01
1.073110047846889820e-01
9.242652084757346787e-02
8.179630895420367254e-02
7.236090225563908407e-02
6.471633629528365794e-02
5.835406698564592903e-02
5.285577580314421847e-02
4.886397812713601241e-02
4.533971291866028402e-02
4.268489405331510333e-02
4.072180451127819373e-02
3.940123034859877027e-02
3.885440874914558584e-02
3.874777853725221849e-02
3.908407382091592247e-02
4.015311004784688498e-02
4.182638414217361433e-02
4.400273410799725865e-02
4.691729323308270472e-02
5.072043745727955466e-02
5.546958304853041172e-02
6.117019822282979136e-02
6.843472317156527873e-02
7.624060150375938649e-02
8.593574846206424034e-02
9.813807245386191314e-02
1.126889952153109914e-01
1.297853725222146148e-01
1.500997949419001776e-01
1.756308954203691097e-01
2.044183185235816658e-01
2.409706083390293629e-01
2.966233766233766223e-01
3.694873547505125866e-01
4.335201640464798056e-01
4.836363636363635865e-01
5.238824333561176161e-01
5.555434039644565614e-01
5.820369104579630193e-01
6.026520847573478834e-01
6.178263841421736124e-01
6.297197539302802349e-01
6.378947368421051811e-01
6.422419685577579473e-01
6.427341079972658244e-01
6.394258373205741197e-01
6.320710868079287836e-01
6.230758714969241163e-01
6.058783321941215716e-01
5.863841421736157855e-01
5.586876281613123441e-01
5.259330143540669189e-01
4.818591934381407094e-01
4.279972658920027095e-01
3.560355434039644273e-01
2.810116199589883790e-01
2.390922761449076894e-01
2.026712235133287521e-01
1.762159945317839926e-01
1.517867395762132476e-01
1.318660287081339644e-01
1.157183868762816092e-01
1.021107313738892630e-01
9.073137388926860725e-02
8.196035543403963619e-02
7.401503759398496418e-02
6.815584415584415023e-02
6.274777853725221899e-02
5.877511961722488298e-02
5.576213260423786011e-02
5.365413533834585691e-02
5.253588516746410947e-02
5.205741626794258003e-02
5.215311004784688176e-02
5.329049897470949926e-02
5.510321257689678592e-02
5.772795625427204480e-02
6.126589200273410696e-02
6.586466165413533413e-02
7.159261790840737438e-02
7.898017771701981715e-02
8.725632262474367074e-02
9.811893369788105002e-02
1.103212576896787367e-01
1.245741626794258372e-01
1.429692412850307459e-01
1.651510594668489373e-01
1.901189336978810485e-01
2.227450444292549403e-01
2.593848257006151625e-01
3.050717703349282162e-01
3.728503075871496542e-01
4.652904989747094766e-01
5.476691729323307500e-01
6.116473000683526617e-01
6.631578947368420573e-01
7.031852358168146910e-01
7.367874231032125465e-01
7.625153793574845906e-01
7.820095693779903767e-01
7.961995898838003516e-01
8.062611073137389006e-01
8.114285714285713880e-01
8.118113465481886504e-01
8.073000683526998511e-01
7.977580314422418883e-01
7.859466848940531714e-01
7.644019138755979714e-01
7.394941900205057594e-01
7.046343130553656131e-01
6.634859876965139014e-01
6.083937115516062644e-01
5.409706083390294351e-01
4.515652768284346141e-01
3.574572795625426957e-01
3.013533834586465954e-01
2.558468899521531004e-01
2.214572795625427137e-01
1.912836637047163335e-01
1.651838687628161273e-01
1.451401230348598748e-01
1.279863294600136481e-01
1.134053315105946619e-01
1.011510594668489360e-01
9.239917976760081419e-02
8.392891319207108902e-02
7.734244702665754589e-02
7.215037593984961750e-02
6.818318523581680390e-02
6.539712918660287033e-02
6.377306903622692591e-02
6.288721804511278324e-02
6.267942583732057094e-02
6.383868762816131970e-02
6.561585782638414133e-02
6.854135338345863915e-02
7.222146274777853370e-02
7.735338345864661846e-02
8.407928913192071196e-02
9.203827751196171081e-02
1.019330143540669864e-01
1.133014354066985557e-01
1.277211209842788742e-01
1.453151059466848694e-01
1.659849624060150131e-01
1.899248120300751907e-01
2.214572795625427137e-01
2.580560492139439277e-01
3.032946001367053945e-01
3.521531100478468845e-01
4.261927546138071787e-01
5.332330827067668366e-01
6.299111414900888661e-01
7.044976076555022892e-01
7.646753246753246192e-01
8.109637730690362201e-01
8.499521531100477922e-01
8.793711551606286925e-01
9.023376623376622163e-01
9.179494190020504041e-01
9.293506493506492605e-01
9.351196172248802396e-01
9.353110047846889819e-01
9.299248120300751541e-01
9.187696514012302362e-01
9.047163362952836962e-01
8.802187286397812338e-01
8.512918660287080996e-01
8.113738892686259696e-01
7.642378673957621604e-01
7.015721120984278469e-01
6.246343130553656531e-01
5.232809295967190133e-01
4.153383458646616178e-01
3.487901572112098170e-01
2.960218728639781305e-01
2.559972658920026678e-01
2.189938482570061573e-01
1.914395078605604650e-01
1.663568010936432029e-01
1.460669856459329841e-01
1.301271360218728690e-01
1.163609022556390815e-01
1.047546138072453781e-01
9.566643882433355228e-02
8.795352016404646422e-02
8.150922761449076737e-02
7.683663704716335585e-02
7.340806561859192225e-02
7.114695830485302797e-02
6.989473684210525950e-02
6.938892686261106946e-02
7.050444292549555569e-02
7.218865345181134374e-02
7.500205058099794486e-02
7.882706766917292607e-02
8.419138755980860866e-02
9.104853041695146199e-02
9.974299384825699444e-02
1.097580314422419712e-01
1.220505809979494233e-01
1.374490772385509041e-01
1.554039644565960443e-01
1.780095693779904231e-01
2.034285714285714308e-01
2.363116883116883060e-01
2.743403964456596067e-01
3.229801777170198118e-01
3.756117566643881744e-01
4.518933697881065692e-01
5.666985645933013682e-01
6.718796992481202990e-01
7.524265208475734434e-01
8.176349965823649368e-01
8.673957621326041645e-01
9.094190020505809047e-01
9.406698564593301004e-01
9.658236500341763620e-01
9.818728639781270084e-01
9.939576213260422621e-01
9.999453178400545816e-01
1.000000000000000000e+00
9.940943267259056970e-01
9.820642515379356396e-01
9.665345181134653574e-01
9.408339029391660224e-01
9.097470950102528597e-01
8.673684210526315663e-01
8.173069036226930928e-01
7.511961722488038617e-01
6.697744360902254668e-01
5.629528366370470938e-01
4.479015721120984117e-01
3.727136021872863858e-01
3.151332877648667097e-01
2.730745044429254698e-01
2.350840738209159231e-01
2.032891319207108527e-01
1.781353383458646467e-01
1.564073820915926061e-01
1.378947368421052366e-01
1.235898838004100969e-01
1.114914559125085303e-01
1.003745727956254080e-01
9.198906356801092588e-02
8.529870129870129047e-02
8.015311004784687887e-02
7.653588516746410997e-02
7.399043062200956478e-02
7.235816814764182980e-02
7.152153110047845819e-02
7.239097744360901976e-02
7.398222829801777423e-02
7.655502392344495921e-02
8.044292549555706606e-02
8.568694463431304753e-02
9.244019138755979470e-02
1.008202323991797544e-01
1.106165413533834463e-01
1.236582365003417588e-01
1.380779220779220773e-01
1.555023923444975864e-01
1.774873547505126381e-01
2.037922077922077746e-01
2.342009569377989930e-01
2.736021872863977911e-01
3.166643882433355928e-01
3.732057416267942629e-01
4.476828434723170713e-01
5.627067669172931552e-01
6.694736842105263319e-01
7.508407382091591975e-01
8.169241285030758304e-01
8.669583048530415947e-01
9.093096377306904010e-01
9.403964456596035637e-01
9.660697197539303005e-01
9.815721120984278736e-01
9.935748462064252218e-01
9.994531784005467046e-01
9.993984962406013972e-01
9.933561175666437704e-01
9.812713602187286277e-01
9.652221462747777592e-01
9.400956937799042068e-01
9.088448393711551221e-01
8.668215994531783819e-01
8.171155160628843506e-01
7.519617224880382755e-01
6.714969241285030366e-01
5.664524948735474297e-01
4.517019822282979935e-01
3.754750512645249616e-01
3.228434723171564880e-01
2.742036910457962828e-01
2.361640464798359651e-01
2.032809295967190344e-01
1.778646616541353087e-01
1.552590567327409299e-01
1.373069036226930995e-01
1.219138755980860994e-01
1.096240601503759293e-01
9.960902255639098035e-02
9.091455912508543402e-02
8.406288448393711699e-02
7.869583048530416625e-02
7.487354750512645318e-02
7.206015037593985206e-02
7.037320574162679587e-02
6.925495557074504149e-02
6.976076555023923154e-02
7.101025290498974574e-02
7.326589200273410374e-02
7.668899521531100105e-02
8.135611756664387628e-02
8.779494190020505073e-02
9.549692412850306622e-02
1.045768967874230876e-01
1.161749829118250144e-01
1.299248120300751652e-01
1.458537252221462632e-01
1.661244019138755634e-01
1.911879699248120179e-01
2.187231715652767916e-01
2.557019822282979860e-01
2.956937799043061754e-01
3.484347231715652637e-01
4.149282296650717572e-01
5.227067669172931197e-01
6.238961038961038374e-01
7.006971975393027074e-01
7.632535885167464063e-01
8.102802460697197118e-01
8.501435406698564234e-01
8.790430622009569595e-01
9.034859876965140035e-01
9.175393028024605435e-01
9.286944634313054614e-01
9.341079972658918873e-01
9.339712918660285634e-01
9.282296650717702935e-01
9.168557758031441463e-01
9.012987012987013768e-01
8.783321941216677420e-01
8.489678742310320381e-01
8.100341763499657732e-01
7.638004101161994797e-01
7.037047163362951663e-01
6.292276144907723578e-01
5.327409432672589595e-01
4.258920027341079884e-01
3.519343814080655997e-01
3.030758714969241097e-01
2.578728639781270870e-01
2.212932330827067362e-01
1.897799043062200763e-01
1.658537252221462532e-01
1.451948051948051821e-01
1.276117566643882317e-01
1.132002734107997177e-01
1.018400546821599389e-01
9.195078605604921351e-02
8.399726589200272320e-02
7.727682843472316598e-02
7.214764183185234936e-02
6.847026657552973683e-02
6.554750512645249327e-02
6.377306903622692591e-02
6.261380724538617715e-02
6.282159945317838945e-02
6.370745044429254600e-02
6.532877648667122228e-02
6.811756664388242399e-02
7.207928913192070131e-02
7.726862611073136156e-02
8.385235816814763654e-02
9.231989063568009357e-02
1.010663021189336930e-01
1.133151059466848826e-01
1.278851674641148239e-01
1.450334928229664866e-01
1.650663021189336943e-01
1.911551606288448280e-01
2.213151059466848813e-01
2.556883116883116869e-01
3.011893369788106178e-01
3.572385509227614664e-01
4.512098427887901164e-01
5.404237867395761397e-01
6.077648667122350634e-01
6.627751196172247949e-01
7.038961038961039085e-01
7.387286397812712346e-01
7.636090225563908485e-01
7.851811346548187576e-01
7.969924812030073635e-01
8.065618591934380355e-01
8.111004784688994329e-01
8.107997265892001870e-01
8.056596035543402978e-01
7.956527682843471672e-01
7.814900888585097904e-01
7.620232399179767135e-01
7.363226247436773786e-01
7.027204374572795231e-01
6.627204374572794876e-01
6.112371838687628012e-01
5.472590567327408895e-01
4.648530416951469069e-01
3.724675324675324473e-01
3.047436773752563166e-01
2.590758714969241261e-01
2.224634313055365298e-01
1.898646616541353194e-01
1.649186602870813256e-01
1.427587149692412793e-01
1.243800410116199517e-01
1.101435406698564601e-01
9.795488721804510024e-02
8.710321257689677965e-02
7.883800410116199864e-02
7.145864661654134642e-02
6.573889268626109672e-02
6.114559125085440583e-02
5.761312371838687996e-02
5.499384825700615043e-02
5.318113465481886376e-02
5.204374572795624626e-02
5.195078605604920574e-02
5.242652084757347397e-02
5.354477101845522141e-02
5.565003417634996341e-02
5.865755297334244306e-02
6.262200956937798157e-02
6.802460697197539041e-02
7.387559808612439993e-02
8.180997949419001325e-02
9.057006151742993949e-02
1.019357484620642407e-01
1.155297334244702601e-01
1.316582365003417521e-01
1.515570745044429180e-01
1.759644565960355456e-01
2.023950786056049056e-01
2.387860560492139073e-01
2.806835269993164239e-01
3.556254272043745113e-01
4.275871496924127935e-01
4.814490772385509598e-01
5.255228981544770583e-01
5.582501708817497743e-01
5.859466848940533268e-01
6.054135338345864037e-01
6.225837320574162392e-01
6.315242652084757102e-01
6.387969924812030298e-01
6.420779220779220253e-01
6.414490772385508244e-01
6.370471633629528618e-01
6.288174982911823863e-01
6.168967874231031656e-01
6.017224880382774366e-01
5.811073137388926835e-01
5.546411483253588237e-01
5.230348598769650748e-01
4.828434723171565190e-01
4.327819548872180455e-01
3.688858509911141503e-01
2.962132604237867062e-01
2.406753246753246533e-01
2.041640464798359367e-01
1.754094326725905706e-01
1.499056732740943199e-01
1.296158578263841288e-01
1.125386192754613823e-01
9.800683526999315331e-02
8.581818181818180735e-02
7.613670539986329422e-02
6.833902939166096313e-02
6.108817498291182341e-02
5.539302802460695924e-02
5.065208475734791355e-02
4.685440874914558601e-02
4.394531784005467623e-02
4.176896787423103191e-02
4.009842788790156376e-02
3.903212576896786939e-02
3.869856459330143356e-02
3.880519480519480091e-02
3.935201640464797840e-02
4.066985645933014065e-02
4.263021189336978212e-02
4.528229665071769466e-02
4.880109364319890064e-02
5.279015721120983856e-02
5.828298017771701284e-02
6.463704716336295120e-02
7.227341079972658677e-02
8.170061517429937081e-02
9.231989063568009357e-02
1.071907040328092947e-01
1.237840054682159824e-01
1.441093643198906316e-01
1.676555023923444743e-01
1.944196855775802979e-01
2.469419002050581013e-01
2.977990430622008966e-01
3.356390977443608481e-01
3.666165413533834516e-01
3.894190020505809979e-01
4.086397812713601918e-01
4.219275461380724290e-01
4.337388926862610905e-01
4.395898838004100861e-01
4.443472317156527129e-01
4.462884483937115121e-01
4.455775803144224056e-01
4.421872863978126289e-01
4.361722488038277112e-01
4.273410799726589104e-01
4.167600820232398862e-01
4.021052631578947434e-01
3.837047163362952706e-01
3.616678058783321381e-01
3.339986329460012948e-01
2.995488721804510646e-01
2.560300751879698855e-01
2.058455228981544705e-01
1.665946684894053231e-01
1.431606288448393771e-01
1.213233082706766941e-01
1.042706766917293054e-01
8.900888585099110684e-02
7.680656185919343404e-02
6.694736842105261654e-02
5.880519480519479786e-02
5.148872180451127128e-02
4.593028024606971710e-02
4.103075871496923710e-02
3.690772385509227815e-02
3.352563226247436134e-02
3.083253588516746135e-02
2.868626110731373538e-02
2.698783321941216479e-02
2.571401230348598771e-02
2.482241968557757916e-02
2.435707450444292432e-02
2.418072453861927484e-02
2.427833219412166635e-02
2.485222146274777485e-02
2.580669856459330211e-02
2.716691729323308241e-02
2.903896103896103781e-02
3.116336295283663252e-02
3.417361585782638378e-02
3.767874231032125598e-02
4.188926862611072610e-02
4.714695830485303440e-02
5.301982228298017519e-02
6.133697881066300928e-02
7.063021189336977923e-02
8.199589883800409429e-02
9.525905673274094598e-02
1.094955570745044376e-01
1.392207792207791894e-01
1.682652084757347843e-01
1.897717019822282858e-01
2.073438140806561636e-01
2.200902255639097527e-01
2.307723855092276011e-01
2.381025290498974545e-01
2.444429254955570452e-01
2.473875598086124061e-01
2.497990430622009372e-01
2.506466165413533953e-01
2.500123034859876858e-01
2.478961038961038921e-01
2.442898154477101957e-01
2.390129870129869827e-01
2.329213943950785848e-01
2.244894053315105442e-01
2.141052631578947152e-01
2.016760082023239531e-01
1.863485987696513746e-01
1.672645249487354768e-01
1.434504442925495227e-01
1.156008202323991763e-01
9.299521531100478355e-02
7.992344497607654918e-02
6.773205741626793508e-02
5.811073137388926557e-02
4.959398496240600973e-02
4.269036226930963268e-02
3.720847573479152404e-02
3.263704716336295053e-02
2.855228981544770742e-02
2.546001367053998474e-02
2.271332877648667148e-02
2.044183185235816727e-02
1.854408749145591145e-02
1.705235816814763827e-02
1.586657552973342114e-02
1.492740943267258785e-02
1.422802460697197499e-02
1.375420369104579307e-02
1.349747095010252716e-02
1.340779220779220703e-02
1.346739576213260361e-02
1.379412166780587604e-02
1.433192071086807941e-02
1.509336978810662915e-02
1.613151059466848974e-02
1.732221462747778398e-02
1.897963089542036713e-02
2.090006835269992910e-02
2.324128503075871197e-02
2.612112098427887830e-02
2.934518113465481304e-02
3.390020505809979157e-02
3.903212576896786939e-02
4.524128503075871416e-02
5.257416267942583571e-02
6.038277511961721855e-02
7.648120300751878875e-02
9.275187969924811315e-02
1.052604237867395681e-01
1.156582365003417517e-01
1.234996582365003454e-01
1.307368421052631513e-01
1.361777170198222586e-01
1.414326725905673265e-01
1.450116199589883692e-01
1.486452494873547470e-01
1.517320574162679403e-01
1.542365003417635050e-01
1.556719070403280725e-01
1.571045796308954134e-01
1.585372522214627267e-01
1.599726589200273219e-01
1.613670539986329366e-01
1.612768284347231573e-01
1.611838687628161237e-01
1.610909090909090624e-01
1.610006835269993108e-01
1.609077238550922773e-01
1.599261790840738329e-01
1.588598769651401177e-01
1.577908407382091482e-01
1.567218045112781788e-01
1.556555023923444914e-01
1.542036910457962873e-01
1.525714285714285801e-01
1.508735475051264374e-01
1.491237183868762695e-01
1.473301435406698390e-01
1.455037593984962185e-01
1.436445659603554359e-01
1.415502392344497595e-01
1.394258373205741475e-01
1.372850307587149543e-01
1.351278195488721801e-01
1.329542036910457969e-01
1.307696514012303413e-01
1.285714285714285587e-01
1.263622693096377037e-01
1.241421736158578037e-01
1.219111414900888452e-01
1.196527682843472190e-01
1.173943950786056067e-01
1.151442241968557711e-01
1.129022556390977400e-01
1.106684894053314994e-01
1.084429254955570632e-01
1.062228298017771633e-01
1.040109364319890539e-01
1.018045112781954809e-01
9.960355434039643019e-02
9.741079972658919783e-02
9.522077922077920586e-02
9.303622693096376406e-02
9.087901572112097592e-02
8.893233082706765436e-02
8.698564593301434666e-02
8.503896103896103897e-02
8.308954203691044926e-02
8.114285714285714157e-02
7.919617224880382000e-02
7.724948735475051231e-02
7.530280246069719075e-02
7.335611756664386918e-02
7.140943267259056149e-02
6.946274777853723992e-02
6.765003417634996019e-02
6.602870813397128391e-02
6.441011619958987577e-02
6.279152426520848151e-02
6.117293233082706644e-02
5.955160628844839016e-02
5.793301435406698202e-02
5.631442241968556695e-02
5.469583048530417269e-02
5.307723855092275761e-02
5.145591250854408133e-02
4.983732057416267319e-02
4.844292549555707234e-02
4.713602187286397571e-02
4.582638414217361095e-02
4.451674641148325312e-02
4.320984278879015650e-02
4.190020505809979173e-02
4.059056732740942697e-02
3.928366370471633728e-02
3.797402597402597252e-02
3.666438824333560775e-02
3.535748462064251113e-02
3.405878332194121200e-02
3.299521531100478577e-02
3.193164730006834567e-02
3.086807928913191945e-02
2.980451127819548976e-02
2.873820915926178499e-02
2.767464114832535529e-02
2.661161995898837784e-02
2.554777853725221856e-02
2.448393711551605928e-02
2.342009569377990000e-02
2.235625427204374419e-02
2.136049213943950337e-02
2.048475734791524103e-02
1.960902255639097522e-02
1.873328776486670941e-02
1.785727956254271748e-02
1.698154477101845514e-02
1.610580997949418933e-02
1.523007518796992352e-02
1.435434039644565771e-02
1.347833219412166751e-02
1.260259740259740170e-02
1.172686261107313763e-02
1.092412850307587086e-02
1.015557074504442811e-02
9.387012987012987100e-03
8.618455228981544355e-03
7.849897470950101611e-03
7.081066302118932745e-03
6.312508544087490868e-03
5.543950786056048990e-03
4.775393028024607113e-03
4.006835269993164368e-03
3.238277511961722491e-03
2.469692412850307654e-03
