2.228093662380964315e-03
2.988708984819015476e-03
3.749021192755563631e-03
4.509585996110030380e-03
5.270150799464497562e-03
6.030715602818964745e-03
6.791027810755512900e-03
7.551592614109980083e-03
8.312157417464447265e-03
9.072722220818915315e-03
9.833034428755462603e-03
1.059359923210992892e-02
1.137639243224128002e-02
1.220692616635934286e-02
1.303720730505948666e-02
1.386774103917754949e-02
1.469827477329561406e-02
1.552855591199575613e-02
1.635908964611381897e-02
1.718937078481396277e-02
1.801990451893202561e-02
1.885018565763217288e-02
1.968071939175023571e-02
2.051125312586829508e-02
2.144661395842279578e-02
2.244183990502412324e-02
2.343681325620753167e-02
2.443203920280886260e-02
2.542625476773851395e-02
2.642148071433984488e-02
2.741670666094116887e-02
2.841193260754249980e-02
2.940715855414382726e-02
3.040238450074515819e-02
3.139761044734648565e-02
3.239283639394781311e-02
3.359266462906362882e-02
3.480259668089620562e-02
3.601000277854959908e-02
3.721993483038217587e-02
3.842986688221475960e-02
3.963727297986814613e-02
4.084720503170072292e-02
4.205461112935411638e-02
4.326454318118670012e-02
4.447447523301926997e-02
4.568188133067266343e-02
4.697011796206016637e-02
4.845790497360378396e-02
4.994569198514739461e-02
5.143347899669100526e-02
5.292379196241380618e-02
5.441157897395741683e-02
5.589936598550102748e-02
5.738967895122382146e-02
5.887746596276743904e-02
6.036525297431104969e-02
6.185556594003384367e-02
6.334335295157746126e-02
6.501048270984365052e-02
6.680391017706938106e-02
6.859481169011594215e-02
7.038571320316250324e-02
7.217914067038823378e-02
7.397004218343479487e-02
7.576346965066053929e-02
7.755437116370710038e-02
7.934527267675364759e-02
8.113870014397939201e-02
8.292960165702595310e-02
8.472050317007250031e-02
8.672105887999191631e-02
8.874687413170324890e-02
9.077774129177296203e-02
9.281618631438026679e-02
9.486220919952512154e-02
9.691328399302837071e-02
9.897193664906919763e-02
1.010406931218267718e-01
1.031145015029427403e-01
1.051984137007754699e-01
1.072924297153249745e-01
1.093965495465912263e-01
1.115082472403950697e-01
1.136325747050948437e-01
1.157518502614362510e-01
1.178685998635984750e-01
1.199752456490439240e-01
1.220768395261310063e-01
1.241683295865013137e-01
1.262547677385132405e-01
1.283285761196291952e-01
1.303922806840283888e-01
1.324433554775316380e-01
1.344767485917805483e-01
1.363282730051277036e-01
1.381545378766829146e-01
1.399530172522670535e-01
1.417161332693425146e-01
1.434363080653716926e-01
1.451009118694586986e-01
1.466190103311525994e-01
1.478137866579100346e-01
1.490085629846674697e-01
1.502058652656040882e-01
1.514006415923615234e-01
1.525171133395640255e-01
1.528505392912172522e-01
1.531814392886913234e-01
1.535123392861653391e-01
1.538457652378185936e-01
1.541766652352926370e-01
1.530980828007779959e-01
1.519816110535754938e-01
1.508676652605521751e-01
1.497511935133496730e-01
1.486372477203263542e-01
1.464826088054762832e-01
1.438101492838919915e-01
1.406274470181111125e-01
1.375255752860642944e-01
1.328651898254565589e-01
1.279724165803632352e-01
1.213619944934198891e-01
1.138169693601757959e-01
1.032610068453358315e-01
9.021950541817171099e-02
7.206294677814545357e-02
5.483088736770315441e-02
4.702821490818156341e-02
3.982419358912829555e-02
3.400692111445098587e-02
2.949051504205713742e-02
2.562833110207380846e-02
2.310465028164389312e-02
2.088787289398570668e-02
1.913536588446285505e-02
1.772386268913082180e-02
1.652378185859708359e-02
1.568415468943393579e-02
1.496021622167773880e-02
1.444517416454065527e-02
1.409886584657354253e-02
1.391219783273131387e-02
1.392912172573189736e-02
1.406097653388567632e-02
1.432064462350652982e-02
1.474702568895400363e-02
1.534567682942231288e-02
1.612644926621031177e-02
1.709363712142261682e-02
1.829093940235924226e-02
1.979539771148551563e-02
2.158427846118871410e-02
2.374422187981510210e-02
2.617646315895829842e-02
2.942231427921897582e-02
3.309505165576296509e-02
3.757862032382732614e-02
4.349693096567228134e-02
5.116572785369673249e-02
6.017328045669251974e-02
7.238879486726111645e-02
8.572835888756978606e-02
1.102301144257243209e-01
1.416681401399378648e-01
1.686124933693702865e-01
1.892040718381368669e-01
2.052312511051049559e-01
2.176059006289626230e-01
2.278941120008083077e-01
2.362171310212432818e-01
2.422339538760767130e-01
2.475611912399909298e-01
2.512314026623557184e-01
2.534795018818358781e-01
2.542878072191770422e-01
2.536563186743792664e-01
2.514941018969916176e-01
2.488443759630200314e-01
2.428831241001288554e-01
2.358761272070524773e-01
2.254995074389350707e-01
2.125312586829674888e-01
1.936750107353052697e-01
1.700623910682260154e-01
1.360807294955669600e-01
1.028265427265149523e-01
8.799919169466266511e-02
7.442976584404759066e-02
6.331051554724798081e-02
5.481067973426962531e-02
4.746267902700244956e-02
4.267852181161433528e-02
3.847028214908181781e-02
3.519917148702922383e-02
3.251660814872818495e-02
3.024830129581449617e-02
2.868473565889514618e-02
2.731566849377352335e-02
2.634570208896410554e-02
2.568895400237439577e-02
2.532774255475005523e-02
2.533279446310843924e-02
2.555255247669807606e-02
2.599459445805652955e-02
2.676753643688903686e-02
2.783348910050771965e-02
2.922276389906287158e-02
3.095304251180883842e-02
3.309505165576296509e-02
3.575488140645128460e-02
3.897799893909924263e-02
4.280734547475309459e-02
4.714946070878274498e-02
5.293389577913057420e-02
5.943317588218949982e-02
6.745813230947990402e-02
7.783727803177650784e-02
9.151531991209679862e-02
1.073378968905503994e-01
1.291343555027912038e-01
1.529667331834600463e-01
1.952309985096870315e-01
2.514713683093788843e-01
3.005632877819596205e-01
3.375685165071106164e-01
3.663643941498901380e-01
3.881633787163101257e-01
4.062239510975271251e-01
4.204703326681654141e-01
4.307509661774735488e-01
4.395160271792669660e-01
4.454772790421581696e-01
4.489125767258581590e-01
4.498219202303670450e-01
4.481295309303089391e-01
4.436838515749324530e-01
4.382783096314633031e-01
4.270883326176463379e-01
4.143575235545227109e-01
3.957159817120917689e-01
3.727045391396600627e-01
3.397408371012149986e-01
2.985677839803986267e-01
2.394806638207583049e-01
1.811210184647250587e-01
1.533077369976508786e-01
1.294450478668316973e-01
1.096920861855565921e-01
9.459698401071005291e-02
8.152517113339564914e-02
7.289398570309935099e-02
6.537422011164717439e-02
5.944580565308545811e-02
5.458081790396322741e-02
5.042562327919371951e-02
4.745762711864406902e-02
4.484831645153957574e-02
4.290585768774154984e-02
4.148879739321528759e-02
4.056177220945211825e-02
4.022582030361969430e-02
4.022834625779888457e-02
4.056935007198969600e-02
4.147616762231932930e-02
4.284018287908257505e-02
4.458561721690368351e-02
4.688676147414685969e-02
4.985728358887570044e-02
5.353507287377807372e-02
5.793528505392912809e-02
6.352774760665842735e-02
6.957235595746294465e-02
7.711232918234862954e-02
8.678168178029251056e-02
9.860819924726565988e-02
1.129177296723837404e-01
1.305185783929879439e-01
1.542120285938013147e-01
1.820076283816211560e-01
2.197857990856046106e-01
2.794463108439212973e-01
3.606557377049180446e-01
4.330495844805374861e-01
4.867513703301422079e-01
5.286064310793402443e-01
5.597767056505595917e-01
5.855919573618935114e-01
6.055469953775038938e-01
6.201217509914370707e-01
6.317916592993003677e-01
6.397736745055444540e-01
6.440930561519614406e-01
6.447498042385511052e-01
6.417439187653135590e-01
6.348228043143298027e-01
6.264113768976230512e-01
6.101189724418398797e-01
5.914774305994089376e-01
5.646770567581904654e-01
5.318901715122887897e-01
4.852863169062113236e-01
4.270378135340624492e-01
3.441359973730077071e-01
2.613352193791204647e-01
2.173659349819394293e-01
1.797418474828866575e-01
1.550733789689054953e-01
1.328070928793351757e-01
1.157796357574073509e-01
1.025284801333703893e-01
9.166182525448988982e-02
8.279825203970800351e-02
7.611457728156811875e-02
7.009522847255550415e-02
6.571017201747959835e-02
6.167622319331127201e-02
5.873096062037434784e-02
5.651064689686529502e-02
5.497486675591705535e-02
5.419182096036778001e-02
5.390133622976079480e-02
5.404531561797469574e-02
5.499002248099219697e-02
5.645002399656470077e-02
5.852383237768066931e-02
6.128217434135745101e-02
6.484124377983783993e-02
6.924398191416807069e-02
7.489959332137714754e-02
8.124226426532622780e-02
8.960822450680744344e-02
9.908560458713279451e-02
1.102629518300538014e-01
1.251408219454899218e-01
1.437166889792619306e-01
1.651670918689535084e-01
1.953749778979009533e-01
2.308343226653868652e-01
2.778549597110308578e-01
3.501982874030665216e-01
4.528783247871883133e-01
5.462123317083027452e-01
6.147414685897597542e-01
6.683169567304049208e-01
7.077218419257874649e-01
7.403824294627295854e-01
7.651620399605951750e-01
7.838288413448180059e-01
7.976205511632019629e-01
8.073959938366718214e-01
8.124731617368461389e-01
8.129530930308923597e-01
8.088105281770189281e-01
7.997676122155144007e-01
7.886281542852813242e-01
7.681931849756244990e-01
7.443481775240596843e-01
7.106266892318573447e-01
6.696051933617924723e-01
6.116092854075627638e-01
5.387860264214806572e-01
4.363585844552779758e-01
3.326681653994796872e-01
2.734850589810300936e-01
2.266311349112127005e-01
1.943191290509990177e-01
1.669857788779711694e-01
1.444567935537649228e-01
1.281037661976811848e-01
1.144181464548233162e-01
1.030361969233878211e-01
9.364217333097576978e-02
8.702669933567405702e-02
8.064613907903710188e-02
7.570789865871832558e-02
7.182550708530148487e-02
6.886761474146858852e-02
6.679885826871100052e-02
6.561418575867034031e-02
6.499027507641011447e-02
6.488671095506327868e-02
6.582636590972239243e-02
6.723584834171107694e-02
6.951678496552073094e-02
7.236606127964838320e-02
7.630654979918664871e-02
8.144434059966151884e-02
8.750915658389957219e-02
9.506681148803960979e-02
1.037763014978908271e-01
1.149359670615575091e-01
1.288009295511379493e-01
1.453989744626032476e-01
1.651494101896991695e-01
1.929854252443860829e-01
2.268458410164439776e-01
2.714137765540933223e-01
3.205941044229457804e-01
3.991260198539998694e-01
5.177195685670261671e-01
6.274975371946752700e-01
7.074692465078683545e-01
7.702139483189774927e-01
8.158326807951704618e-01
8.536462148576625664e-01
8.819116421228119229e-01
9.038116648563995215e-01
9.188663517643791412e-01
9.298795119856526625e-01
9.354618707216650897e-01
9.357397256813761999e-01
9.306878173229937712e-01
9.200788097703906931e-01
9.067165121624694013e-01
8.835029932557022514e-01
8.557932759099751152e-01
8.171461769683499021e-01
7.703655055697290477e-01
7.045643992017984747e-01
6.216878425825355103e-01
5.058475839248276484e-01
3.869256611685064073e-01
3.167799136123670700e-01
2.624718987597565167e-01
2.245320669883048292e-01
1.905655611407209016e-01
1.672409002500694630e-01
1.464219859051756889e-01
1.302129379373058171e-01
1.178105029174770779e-01
1.072217029983076053e-01
9.839601909621359388e-02
9.153047563717195412e-02
8.572583293339058885e-02
8.087852686352270393e-02
7.736239864608855654e-02
7.478339942913435345e-02
7.309101012907626149e-02
7.216145899113389495e-02
7.180277349768875161e-02
7.268433150622648220e-02
7.399782767940589479e-02
7.616762231933113525e-02
7.910025512137210113e-02
8.319230089166182451e-02
8.840081840915404998e-02
9.500113667938064888e-02
1.026168885296420696e-01
1.119982823511581627e-01
1.239031043976862312e-01
1.379549874965268208e-01
1.561368056783450087e-01
1.770668620071232102e-01
2.058425320164692374e-01
2.406148172472151459e-01
2.885144863472177135e-01
3.415342645684407707e-01
4.221627219682235199e-01
5.490919194725807362e-01
6.689231857334108078e-01
7.553360782035414278e-01
8.234105433327439938e-01
8.725403521180126187e-01
9.132587334865746032e-01
9.432418095935739544e-01
9.671625956705146576e-01
9.825709161635808320e-01
9.941650458460683515e-01
9.999242213746242225e-01
1.000000000000000000e+00
9.943923817221955730e-01
9.828992902068756088e-01
9.680719391750234326e-01
9.436712218040365086e-01
9.138649624895804902e-01
8.728434666195155067e-01
8.233095051655763275e-01
7.540983606557377650e-01
6.665993078885549261e-01
5.446967592007880832e-01
4.178180807800147001e-01
3.381494859683245591e-01
2.786127459647881888e-01
2.392154386319432224e-01
2.045745030185152635e-01
1.771653742201116377e-01
1.564904392634317576e-01
1.390436737477582230e-01
1.245244891257672737e-01
1.135492182171815578e-01
1.043219076005961199e-01
9.589785041299350721e-02
8.956023137740280748e-02
8.450074515648285656e-02
8.060319785799086034e-02
7.785243375685164946e-02
7.591502690141201104e-02
7.466973149107075658e-02
7.403066508373538912e-02
7.469499103286267316e-02
7.590997499305363050e-02
7.786506352774760775e-02
8.082042991740130689e-02
8.479375584126903898e-02
8.989870923741444253e-02
9.622875041046756450e-02
1.036500037889312720e-01
1.136047892091237438e-01
1.246962540099522676e-01
1.382783096314632865e-01
1.559220995731137316e-01
1.777135062769961416e-01
2.036196923387809665e-01
2.398014600015155595e-01
2.806840283917249601e-01
3.388820126802900012e-01
4.176160044456794229e-01
5.444694233246608617e-01
6.663214529288439270e-01
7.537699866124428771e-01
8.229306120386976620e-01
8.724393139508449524e-01
9.134355502791179360e-01
9.432165500517820655e-01
9.675920078809769898e-01
9.823940993710374991e-01
9.938871908863573523e-01
9.994442900805780017e-01
9.993432519134103353e-01
9.935840763848544643e-01
9.819646871605749450e-01
9.665563666675086596e-01
9.426608401323600672e-01
9.126777640253606050e-01
8.719846421985906204e-01
8.229053524969057731e-01
7.548814064512869848e-01
6.685695521483240311e-01
5.488898431382455145e-01
4.220364242592639092e-01
3.414079668594811601e-01
2.883881886382581028e-01
2.404885195382555907e-01
2.057137083533304711e-01
1.769355123898052606e-01
1.560079820152062424e-01
1.378261638333880823e-01
1.237742807345474788e-01
1.118719846421985797e-01
1.024905908206825145e-01
9.487736492460027704e-02
8.827957260855287536e-02
8.306852913688146656e-02
7.897648336659172930e-02
7.604385056455076342e-02
7.387405592462552295e-02
7.256055975144611037e-02
7.167900174290837978e-02
7.203516128217433978e-02
7.295966051175831191e-02
7.464952385763722054e-02
7.722347116623304308e-02
8.073454747530880993e-02
8.557932759099749764e-02
9.137639243224128516e-02
9.823435802874536105e-02
1.070499381141226253e-01
1.176286342165753090e-01
1.300209654196873010e-01
1.462148576624820173e-01
1.670211422364798193e-01
1.903281214478769467e-01
2.242744196620273522e-01
2.621940438000455176e-01
3.164767991108641265e-01
3.865720275834196307e-01
5.053171335471974279e-01
6.209553158705700682e-01
7.036803152390815885e-01
7.693551238980524953e-01
8.160347571295056834e-01
8.546060774457551190e-01
8.822652757078985886e-01
9.054787946146657385e-01
9.188158326807952525e-01
9.294248402333982195e-01
9.345020081335725370e-01
9.342746722574453155e-01
9.287428326050165550e-01
9.177549319255348115e-01
9.027002450175554138e-01
8.808254818257598151e-01
8.526105736441940142e-01
8.148222991234940205e-01
7.692793452726767178e-01
7.066356816287353571e-01
6.267902700245018277e-01
5.172648968147718351e-01
3.988734244360807590e-01
3.203920280886104477e-01
2.712369597615499339e-01
2.266841799489757170e-01
1.928338679936346112e-01
1.650104827098436699e-01
1.452676248452853258e-01
1.286796837505367608e-01
1.148222991234939122e-01
1.036727373765440052e-01
9.496829927505115454e-02
8.741569627926949748e-02
8.135593220338983855e-02
7.622319331127333508e-02
7.228523074591426678e-02
6.943848038596579786e-02
6.716259567051453827e-02
6.575311323852585377e-02
6.481345828386674002e-02
6.491954835939275914e-02
6.554093308747380164e-02
6.672560559751446185e-02
6.879436207027204986e-02
7.174972845992573511e-02
7.562959407916340637e-02
8.056530854530298547e-02
8.694081689358154619e-02
9.355123898052489229e-02
1.029402106645785631e-01
1.143171082876556499e-01
1.279951501679759407e-01
1.443405996615221287e-01
1.668620071231907975e-01
1.941852534795018848e-01
2.264896814771780176e-01
2.733335017302785941e-01
3.324660890651444101e-01
4.360302104119831434e-01
5.382555760438506587e-01
6.109272777791810993e-01
6.688474071080350303e-01
7.098183838945161250e-01
7.435146126449265758e-01
7.673596200964915015e-01
7.877693298643563269e-01
7.989340473363814032e-01
8.080022228396777084e-01
8.121953067771351398e-01
8.117658945666725856e-01
8.067392457500820457e-01
7.970395817019879647e-01
7.832731314253960075e-01
7.646568491247568433e-01
7.398772386268913648e-01
7.072671701735330219e-01
6.678622849781505888e-01
6.142867968375053112e-01
5.457576599560484132e-01
4.524236530349339813e-01
3.497688751926040229e-01
2.775013261259440811e-01
2.305236303013463717e-01
1.951021748465482930e-01
1.649271262219303424e-01
1.434994569198514702e-01
1.249463234736921946e-01
1.100886609916896103e-01
9.892646947384374501e-02
8.945919321023516890e-02
8.110333678547071434e-02
7.476824370405921183e-02
6.912273611356689607e-02
6.472504988759503197e-02
6.117103235747303747e-02
5.841521634797545298e-02
5.634393392103867471e-02
5.488645835964535424e-02
5.394427745080705022e-02
5.380029806259314928e-02
5.409078279320013449e-02
5.487130263457020568e-02
5.640455682133926202e-02
5.861981863648993429e-02
6.156002930106848486e-02
6.558892621687842373e-02
6.996893076359594899e-02
7.597817575589178862e-02
8.265174669731491230e-02
9.150269014120084032e-02
1.023541892950061982e-01
1.155901891939680320e-01
1.325923867741039264e-01
1.548308873677031461e-01
1.794715703857132083e-01
2.170527166637197247e-01
2.609563262522417992e-01
3.437065851625451529e-01
4.266084013236000061e-01
4.848569046957488249e-01
5.314354997600344577e-01
5.641971254641440225e-01
5.909974993053626058e-01
6.096137816060016590e-01
6.258809265199929417e-01
6.342670943949076934e-01
6.411124302205157832e-01
6.440425370683775519e-01
6.432594912728283321e-01
6.388390714592437902e-01
6.308065371694157042e-01
6.191113693197606294e-01
6.045366137058273415e-01
5.846068352320088479e-01
5.588168430624669281e-01
5.276970875748313583e-01
4.859178054510090994e-01
4.322917982267802106e-01
3.600495087019121576e-01
2.790421581752507429e-01
2.195129960342519504e-01
1.817802925054939622e-01
1.540175301220036153e-01
1.303518654171613445e-01
1.127686983758114797e-01
9.847937558412690751e-02
8.666548788804971648e-02
7.700623910682261042e-02
6.947889565283285607e-02
6.343933921038671930e-02
5.785445452019500473e-02
5.345929424840233785e-02
4.978655687185834511e-02
4.682108666548788489e-02
4.452246836242390593e-02
4.277703402460279747e-02
4.141554472201874199e-02
4.051125312586829202e-02
4.017277526585667780e-02
4.017024931167748752e-02
4.050367526333072121e-02
4.143070044709389055e-02
4.284776074162014586e-02
4.478769355123898149e-02
4.739447826416429144e-02
5.035994847053474471e-02
5.451009118694587208e-02
5.937002702770972223e-02
6.529338957791305798e-02
7.280557730682765682e-02
8.142918487458637722e-02
9.448584202682563937e-02
1.095657884765970369e-01
1.292985425244386199e-01
1.531384980676450402e-01
1.809138902220313871e-01
2.391320821440299227e-01
2.980625931445604060e-01
3.391851271817929447e-01
3.721235696784460090e-01
3.950844931672939375e-01
4.137007754679330462e-01
4.264063249892647289e-01
4.375963020030816941e-01
4.430018439465508440e-01
4.474222637601354413e-01
4.491146530601935472e-01
4.482305690974766055e-01
4.448205309555684495e-01
4.388845386344691901e-01
4.301194776326757174e-01
4.198641036651595271e-01
4.056177220945212381e-01
3.875824092550961275e-01
3.658086842304680286e-01
3.370128065876885071e-01
3.000075778625376222e-01
2.509156583899568305e-01
1.947333855363863608e-01
1.525550026522519143e-01
1.287680921468084827e-01
1.070095228472555532e-01
9.121978327313143287e-02
7.757205284296143921e-02
6.722069261663593531e-02
5.921594382277906021e-02
5.273687135315365676e-02
4.696759200788097610e-02
4.263810654474727707e-02
3.882138977998939033e-02
3.560837606405820033e-02
3.295865013008664191e-02
3.082421884867008605e-02
2.910151809846169349e-02
2.771729520826492210e-02
2.665639445300461985e-02
2.588597842835130974e-02
2.544646240117204652e-02
2.522847255550784637e-02
2.522342064714945889e-02
2.558538988102755651e-02
2.624213796761726628e-02
2.721210437242668409e-02
2.857611962918992637e-02
3.013715931193008263e-02
3.240294021066458113e-02
3.507792568642804920e-02
3.834651039430144598e-02
4.254717219429639263e-02
4.732375154714693610e-02
5.466164843769734383e-02
6.315138043395893130e-02
7.425800095986259675e-02
8.781479703958171290e-02
1.026320442547172390e-01
1.358533936194397662e-01
1.698527368713531605e-01
1.934931420344034869e-01
2.123721235696784670e-01
2.253555280507211489e-01
2.357422516355553443e-01
2.427618782995276392e-01
2.487357599333148428e-01
2.514082194548991067e-01
2.536057995907954332e-01
2.542878072191770422e-01
2.535552805072116000e-01
2.513779080047487957e-01
2.477430599408926848e-01
2.424360302104119902e-01
2.364293111722953200e-01
2.281088181060395570e-01
2.178180807800146612e-01
2.054383793477986553e-01
1.894010962641137774e-01
1.687968880244512526e-01
1.418424309783020698e-01
1.103841976306549899e-01
8.584960468817096069e-02
7.246962540099523287e-02
6.021622167773876821e-02
5.118593548713026853e-02
4.349945691985147161e-02
3.756599055293137479e-02
3.307736997650863320e-02
2.939958069160625298e-02
2.614867766298719157e-02
2.371517340675440358e-02
2.155371441562050142e-02
1.976382328424562337e-02
1.825885978428351195e-02
1.706130490792897095e-02
1.609411705271666243e-02
1.531334461592866701e-02
1.471494607087827505e-02
1.428881760084872027e-02
1.402940210664578406e-02
1.389805248932784315e-02
1.388138119174518216e-02
1.406855439642324887e-02
1.441562050064411869e-02
1.493142034403495931e-02
1.565636919346283240e-02
1.649700674429765979e-02
1.769860314733890869e-02
1.911187451059637860e-02
2.086716006971633605e-02
2.308772638864331136e-02
2.561570133117785364e-02
2.948798908787794715e-02
3.401449897698855668e-02
3.984945313092020519e-02
4.707620803758619937e-02
5.490414003889969308e-02
7.215135517441713386e-02
9.031296572280179957e-02
1.033595190583242868e-01
1.139230594357018567e-01
1.214731364773043165e-01
1.280860845184268459e-01
1.329813837176993530e-01
1.376367172699487218e-01
1.407335370936371455e-01
1.439061355427012634e-01
1.465558614766728218e-01
1.486776629871934263e-01
1.497764530551415896e-01
1.508727171689105695e-01
1.519715072368587327e-01
1.530677713506277127e-01
1.541311980600671983e-01
1.537977721084139715e-01
1.534643461567607170e-01
1.531309202051074625e-01
1.527949682992750524e-01
1.524615423476218257e-01
1.513450706004193236e-01
1.501477683194827051e-01
1.489504660385460588e-01
1.477531637576094403e-01
1.465558614766728218e-01
1.450377630149789210e-01
1.433731592108919151e-01
1.416529844148627093e-01
1.398898683977872759e-01
1.380913890222031370e-01
1.362651241506478983e-01
1.344135997373007707e-01
1.323802066230518604e-01
1.303291318295486112e-01
1.282654272651494176e-01
1.261916188840334352e-01
1.241077066862007056e-01
1.220162166258304121e-01
1.199146227487433436e-01
1.178079769632978946e-01
1.156937533153148540e-01
1.135744777589734467e-01
1.114501502942736727e-01
1.093384526004698293e-01
1.072343327692035775e-01
1.051428427088332562e-01
1.030589305110005405e-01
1.009851221298845719e-01
9.891889161130618113e-02
9.686023895526535421e-02
9.480916416176210504e-02
9.276566723079643362e-02
9.072722220818914274e-02
8.869635504811942961e-02
8.667053979640809702e-02
8.467251004066786435e-02
8.288160852762131714e-02
8.109070701457475605e-02
7.929980550152820884e-02
7.750890398848164775e-02
7.571800247543510054e-02
7.392710096238853945e-02
7.213619944934199224e-02
7.034529793629543115e-02
6.855439642324888394e-02
6.676096895602313952e-02
6.497006744297657843e-02
6.330546363888960026e-02
6.181767662734597574e-02
6.032736366162318176e-02
5.883957665007957111e-02
5.735178963853596046e-02
5.586400262699234287e-02
5.437621561544873222e-02
5.288842860390512157e-02
5.140064159236151786e-02
4.991285458081790721e-02
4.842506756927429656e-02
4.693728055773068591e-02
4.565156988052236631e-02
4.444416378286897978e-02
4.323675768521559326e-02
4.202682563338300953e-02
4.081941953572962301e-02
3.961201343807623648e-02
3.840208138624365275e-02
3.719467528859026623e-02
3.598726919093687970e-02
3.477733713910429597e-02
3.356993104145090945e-02
3.237010280633509374e-02
3.137740281391295655e-02
3.038217686731162909e-02
2.938695092071029816e-02
2.839425092828816444e-02
2.739902498168683351e-02
2.640379903508550258e-02
2.540857308848417512e-02
2.441511530980828085e-02
2.342064714946071047e-02
2.242617898911314009e-02
2.143171082876556624e-02
2.049685518704690707e-02
1.966707923918260131e-02
1.883705069590037653e-02
1.800727474803607078e-02
1.717749880017176503e-02
1.634747025688954025e-02
1.551769430902523624e-02
1.468791836116092875e-02
1.385788981787870397e-02
1.302811387001439648e-02
1.219833792215009247e-02
1.136830937886786769e-02
1.058602136957235637e-02
9.826214352471647137e-03
9.066154739953017141e-03
8.306347722852307908e-03
7.546288110333678779e-03
6.786228497815050519e-03
6.026421480714339550e-03
5.266361868195711289e-03
4.506302255677082161e-03
3.746495238576372493e-03
2.986435626057743365e-03
2.226502311248074184e-03
