1.361115011936525751e-03
1.829401301315358329e-03
2.299840846323081972e-03
2.772316622197257188e-03
3.247203108177690485e-03
3.724430089406918429e-03
4.203763516360061597e-03
4.685437438561999846e-03
5.169685905537611294e-03
5.656274867762018689e-03
6.145438374760100152e-03
6.637176426531853947e-03
7.131723072602162532e-03
7.628844263446146051e-03
8.128774048588681758e-03
8.631278378504891532e-03
9.137059401769415806e-03
9.645649019332491400e-03
1.015728128071899904e-02
1.067195618592894218e-02
1.118990778448719810e-02
1.171113607639376504e-02
1.223587511117352374e-02
1.276389083930159693e-02
1.329565135982773913e-02
1.383092262322707482e-02
1.437017272854936023e-02
1.491316762626971812e-02
1.546014136591302747e-02
1.603964798951458201e-02
1.667813509338576111e-02
1.732247343537892531e-02
1.797266301549407808e-02
1.868815241305060368e-02
1.941628048495061543e-02
2.015002574544773675e-02
2.088985629359172563e-02
2.163577212938257513e-02
2.238800730234517811e-02
2.314656181247952069e-02
2.391283995693489067e-02
2.468520338903712127e-02
2.546458830688573885e-02
2.625333520572952981e-02
2.704910359031971120e-02
2.785423395590506945e-02
2.866638580723681468e-02
2.949024013481252662e-02
3.032111594813462901e-02
3.116369423770069466e-02
3.201797500351074438e-02
3.289097973131114433e-02
3.388334971680007773e-02
3.488508168328418452e-02
3.589617563076347162e-02
3.691897205448672892e-02
3.801198333567383514e-02
3.913074006459767162e-02
4.025885877451668843e-02
4.139399897018208874e-02
4.254084164209147312e-02
4.369704629499602394e-02
4.486495342414455190e-02
4.604690352478584686e-02
4.724289659691990884e-02
4.845293264054673782e-02
4.968169264616392744e-02
5.105322286195758397e-02
5.256050180218133777e-02
5.407012123765388839e-02
5.557974067312643207e-02
5.709170060384777257e-02
5.860366053456911306e-02
6.011562046529045356e-02
6.162758039601180099e-02
6.314188082198193830e-02
6.465852174320085854e-02
6.617282216917100279e-02
6.768946309038993692e-02
6.939802462201001554e-02
7.133127369751439406e-02
7.326686326826756246e-02
7.520245283902073086e-02
7.713804240977389926e-02
7.907363198052708153e-02
8.100922155128024993e-02
8.294481112203341833e-02
8.488274118803539048e-02
8.682067125403734875e-02
8.875626082479051715e-02
9.069419089079248930e-02
9.291298038664981551e-02
9.533305247390347348e-02
9.775078406590834157e-02
1.001685156579132097e-01
1.025885877451668954e-01
1.050063193371717635e-01
1.074263914244254076e-01
1.098441230164302757e-01
1.122641951036839336e-01
1.146819266956888017e-01
1.171019987829424736e-01
1.195197303749473416e-01
1.222066189205636005e-01
1.249707438093900780e-01
1.277418901839629528e-01
1.305223985395309594e-01
1.333356738285821352e-01
1.362893788325609812e-01
1.392547863127837904e-01
1.422318962692505628e-01
1.452207087019613263e-01
1.482212236109160808e-01
1.513270608060665601e-01
1.544867293919393314e-01
1.576627814445536735e-01
1.608575574591583623e-01
1.640687169405046220e-01
1.672939193933436486e-01
1.705518887796657890e-01
1.738379441089734634e-01
1.771825118195010096e-01
1.805411225015213228e-01
1.839114356597856270e-01
1.872934512942938667e-01
1.906848289097973215e-01
1.940832280110471597e-01
1.974909890932921575e-01
2.009034311660347349e-01
2.043205542292748922e-01
2.077095913495295432e-01
2.110822450030426789e-01
2.144455366755605441e-01
2.178018068623320536e-01
2.211510555633572073e-01
2.244932827786359497e-01
2.277255067172213598e-01
2.308851753030941589e-01
2.340331414127229392e-01
2.371623835603613450e-01
2.402986471937461899e-01
2.432242662547395018e-01
2.460796704582689509e-01
2.488180498993587120e-01
2.514394045780087295e-01
2.539671394467069576e-01
2.562608247905256986e-01
2.585311051818564576e-01
2.605439310958198584e-01
2.623695173898797361e-01
2.640780789214997593e-01
2.654121612133127361e-01
2.665121939802462259e-01
2.674483920797640635e-01
2.681973505593783780e-01
2.682909703693301395e-01
2.680335158919627259e-01
2.674717970322520455e-01
2.666292187426859694e-01
2.655759958807283327e-01
2.633057154893975738e-01
2.609886251930908507e-01
2.580396011796096123e-01
2.545756682113935465e-01
2.508542807658100671e-01
2.458690258858774735e-01
2.408837710059448523e-01
2.340729298319524365e-01
2.266441979122782446e-01
2.181084117399241518e-01
2.074849038056452710e-01
1.968637363666151663e-01
1.780484950615550399e-01
1.587674952019847430e-01
1.332420540186303459e-01
1.036137246641389287e-01
8.328184243785985430e-02
7.069933998033985090e-02
5.923793474699246692e-02
5.126854842484670355e-02
4.413471890652061885e-02
3.900669381641155842e-02
3.487806019753780101e-02
3.169264616392829248e-02
2.888171137012592038e-02
2.677526564621073718e-02
2.504798015260029098e-02
2.359687309834761215e-02
2.255207601928568145e-02
2.178532977578055349e-02
2.129125122876000462e-02
2.104573327716144707e-02
2.102420072087253511e-02
2.119482282450966745e-02
2.169522070870196287e-02
2.238098581659879460e-02
2.328722557693208017e-02
2.452604971211908708e-02
2.609184103356270226e-02
2.801104713757431378e-02
3.042409773908159171e-02
3.312502925619061067e-02
3.659130271965548020e-02
4.074334129101717800e-02
4.550390862706548550e-02
5.169919955062490802e-02
5.868089687777933855e-02
6.918738004961851040e-02
8.103262650376820420e-02
9.699480410054767132e-02
1.157725974816271181e-01
1.396152225810981806e-01
1.850770022936853443e-01
2.293334269531432934e-01
2.597715676637176729e-01
2.902214108505359880e-01
3.106071244675373544e-01
3.280204091185695003e-01
3.435378926180779890e-01
3.558254926742498436e-01
3.681364976829096802e-01
3.765856855310583673e-01
3.848944436642793843e-01
3.917052848382718278e-01
3.973692833403548730e-01
4.027056125076066140e-01
4.063801900482141849e-01
4.100547675888218113e-01
4.120207835978093036e-01
4.134484856995740421e-01
4.148995927538267070e-01
4.163506998080794275e-01
4.177784019098441659e-01
4.191826990591209223e-01
4.199550624912231633e-01
4.207508308758133309e-01
4.215465992604034984e-01
4.223189626925057394e-01
4.231147310770959069e-01
4.245892430838364984e-01
4.270701680475588735e-01
4.295744979637691197e-01
4.320554229274914948e-01
4.345363478912137589e-01
4.370406778074240051e-01
4.415578336375977075e-01
4.468473528998735955e-01
4.521602771146374655e-01
4.574732013294012800e-01
4.627861255441651500e-01
4.681458596639048730e-01
4.748396760754575729e-01
4.815334924870102729e-01
4.882039039460750462e-01
4.948977203576276906e-01
5.015915367691804461e-01
5.076534194635585751e-01
5.125684594860272503e-01
5.174834995084960365e-01
5.224219444834526938e-01
5.273369845059214800e-01
5.322520245283901552e-01
5.346393296821607688e-01
5.357393624490942585e-01
5.359968169264616167e-01
5.338669662500584723e-01
5.317371155736554389e-01
5.258624724991808330e-01
5.194027056125076758e-01
5.099002949024014075e-01
4.968871413191031650e-01
4.833590787810700951e-01
4.618967373496231654e-01
4.404578008706642178e-01
4.053269671862566592e-01
3.631512428029771145e-01
3.138370079108739885e-01
2.469222487478350547e-01
1.911295230070682860e-01
1.606024434770397524e-01
1.350372138744558304e-01
1.155455694424940283e-01
1.003019238870945101e-01
8.738941159949445425e-02
7.797359921359360568e-02
7.039273510274773882e-02
6.408275991199738342e-02
5.887515798342929374e-02
5.480035575527782143e-02
5.148855497823339594e-02
4.867059869868464034e-02
4.664372981322847944e-02
4.523709216870289845e-02
4.429855357393625015e-02
4.389598839114356582e-02
4.397790572485137800e-02
4.452090062257173242e-02
4.549220615082151531e-02
4.687543884285915591e-02
4.895847961428638484e-02
5.161962271216589265e-02
5.498759537518139312e-02
5.930580910920751209e-02
6.416233675045640572e-02
7.015634508261948954e-02
7.733464401067265126e-02
8.623788793708749012e-02
9.688948181435193263e-02
1.094532603098815754e-01
1.271825118195010207e-01
1.483335673828582169e-01
1.739456068904180197e-01
2.094462388241352113e-01
2.495670083789729987e-01
3.292842765529186422e-01
4.178954266722838540e-01
4.786780882834808515e-01
5.355755277816786064e-01
5.800449375087769477e-01
6.113841688901371363e-01
6.418574170294434333e-01
6.630388990310349673e-01
6.842437859851144832e-01
6.999953190095024036e-01
7.132191171651921513e-01
7.249918082666292340e-01
7.329963020175069843e-01
7.410007957683846236e-01
7.455647615035341236e-01
7.496606281889248713e-01
7.515564293404484175e-01
7.510181154332257192e-01
7.505032064784908918e-01
7.499882975237559535e-01
7.494499836165332551e-01
7.489350746617984278e-01
7.470392735102747706e-01
7.447923980714319381e-01
7.425221176801011236e-01
7.402752422412582911e-01
7.380283668024154586e-01
7.360857557459158373e-01
7.365070448906988476e-01
7.369517389879698399e-01
7.373964330852408322e-01
7.378411271825118245e-01
7.382858212797828168e-01
7.407667462435051364e-01
7.459392407433412808e-01
7.511117352431774252e-01
7.563076346955015516e-01
7.614801291953376960e-01
7.666526236951739515e-01
7.736741094415577891e-01
7.813275289051163641e-01
7.889575434161869572e-01
7.966109628797454212e-01
8.042409773908159032e-01
8.117305621869588261e-01
8.169030566867948595e-01
8.220989561391190970e-01
8.272714506389551303e-01
8.324439451387913858e-01
8.376398445911155122e-01
8.406356785095726591e-01
8.401441745073258138e-01
8.396526705050788575e-01
8.343865561952908960e-01
8.290268220755512285e-01
8.198988906052520065e-01
8.080559846463511997e-01
7.944811122033422768e-01
7.728081261995037865e-01
7.511585451481533893e-01
7.197256939568412726e-01
6.854842484669756431e-01
6.395403267331367658e-01
5.740064597668866897e-01
5.084725928006366136e-01
4.051397275663530251e-01
3.040537377709123246e-01
2.594204933763984422e-01
2.181739456068904071e-01
1.844286851097692304e-01
1.584842952768805990e-01
1.360880962411646355e-01
1.213219117165192235e-01
1.082993961522258214e-01
9.801526002902215262e-02
8.949585732340963051e-02
8.216542620418480769e-02
7.686888545616252233e-02
7.213406356785095896e-02
6.850863642746804483e-02
6.573749005289519776e-02
6.375040958666854107e-02
6.271357019145251677e-02
6.220802321771286975e-02
6.225249262743997453e-02
6.307166596451808938e-02
6.456958292374666286e-02
6.679773440059917633e-02
6.977250386181715891e-02
7.364134250807470583e-02
7.862425689275850949e-02
8.475869493984927727e-02
9.218040537377708565e-02
1.006436361934185258e-01
1.121050414267659029e-01
1.250456396573514928e-01
1.410850535973411923e-01
1.620418480550484541e-01
1.897018209053035753e-01
2.218391611665028462e-01
2.660440949304873071e-01
3.143987267705846689e-01
4.008566212610588098e-01
5.149089547348218998e-01
6.069840378224032884e-01
6.810373074942658311e-01
7.483031409446239124e-01
7.883022047465243487e-01
8.282778635959370250e-01
8.574404343959181052e-01
8.838178158498338766e-01
9.060057108084070832e-01
9.217806487852829855e-01
9.375789917146467589e-01
9.463792538501147877e-01
9.551561110330947235e-01
9.608435144876655842e-01
9.643776623133455406e-01
9.667649674671160431e-01
9.641202078359780714e-01
9.614988531573281927e-01
9.588540935261902209e-01
9.562327388475402312e-01
9.535879792164022595e-01
9.497027571034030169e-01
9.446238824135186896e-01
9.395216027711464912e-01
9.344193231287740709e-01
9.293170434864017615e-01
9.242147638440294521e-01
9.217806487852829855e-01
9.199082525862473103e-01
9.180124514347235420e-01
9.161400552356878668e-01
9.142676590366521916e-01
9.132378411271825369e-01
9.171932780976455035e-01
9.211487150681084701e-01
9.251041520385714367e-01
9.290829939615222743e-01
9.330384309319852409e-01
9.384449749567007615e-01
9.455366755605486562e-01
9.526517811168844219e-01
9.597434817207320945e-01
9.668585872770678602e-01
9.739502878809156439e-01
9.789121378083602831e-01
9.832420540186302960e-01
9.875953751813884018e-01
9.919252913916585257e-01
9.962552076019286496e-01
9.999765950475121290e-01
9.977063146561813145e-01
9.954594392173383710e-01
9.893507466179843890e-01
9.815334924870101618e-01
9.715395777746570483e-01
9.562561438000281022e-01
9.409961147778870272e-01
9.156719561859288925e-01
8.891073351121097090e-01
8.554510134344426309e-01
8.143987267705846689e-01
7.701867715208537968e-01
6.929972382156064370e-01
6.157842999578710952e-01
5.068342461264804255e-01
3.885924261573749372e-01
3.142817020081449253e-01
2.589992042316154319e-01
2.220498057388943514e-01
1.898235266582408987e-01
1.639142442540841571e-01
1.447643121284463708e-01
1.286851097692271739e-01
1.153396058606001029e-01
1.045756682113935243e-01
9.674671160417545879e-02
8.910499461686093026e-02
8.320694658989842563e-02
7.846042222534288513e-02
7.477648270374011308e-02
7.215512802509010948e-02
7.037401114075739206e-02
6.921312549735524067e-02
6.859523475167345063e-02
6.921078500210645079e-02
7.031081776903994052e-02
7.215044703459251585e-02
7.484435706595515825e-02
7.848382717783082552e-02
8.309460281795627568e-02
8.918457145531995256e-02
9.626691007817254897e-02
1.048705706127416454e-01
1.159785610635210434e-01
1.285236155970603256e-01
1.449117633291204243e-01
1.640640359500070422e-01
1.919042269344193030e-01
2.230960071151055490e-01
2.671675326499087233e-01
3.165519823994757398e-01
3.882179469175677800e-01
5.067640312690165905e-01
6.158077049103590772e-01
6.930440481205822900e-01
7.702569863783176318e-01
8.144689416280485039e-01
8.555446332443945590e-01
8.891775499695735441e-01
9.157655759958808206e-01
9.410897345878388442e-01
9.563731685624679013e-01
9.716331975846089763e-01
9.816271122969620899e-01
9.894209614754482240e-01
9.955296540748022061e-01
9.977531245611571675e-01
1.000000000000000000e+00
9.962786125544165206e-01
9.919252913916585257e-01
9.875953751813884018e-01
9.832420540186302960e-01
9.788887328558723011e-01
9.739502878809156439e-01
9.668351823245798782e-01
9.597434817207320945e-01
9.526517811168844219e-01
9.455600805130365272e-01
9.384683799091888545e-01
9.330618358844731119e-01
9.291063989140102564e-01
9.251509619435472898e-01
9.212189299255723052e-01
9.172634929551093386e-01
9.133080559846463720e-01
9.143612788466040087e-01
9.162336750456396839e-01
9.181294761971633411e-01
9.200018723961990164e-01
9.218976735477227846e-01
9.243551935589571222e-01
9.294574732013295426e-01
9.345597528437017409e-01
9.396854374385620323e-01
9.447877170809342307e-01
9.499134016757946331e-01
9.537986237887937646e-01
9.564199784674436433e-01
9.590647380985816151e-01
9.616860927772316048e-01
9.643074474558817055e-01
9.669522070870196773e-01
9.645649019332491747e-01
9.609839442025932543e-01
9.552965407480223936e-01
9.465196835650424578e-01
9.376960164770865580e-01
9.218976735477227846e-01
9.061227355708468822e-01
8.839348406122736757e-01
8.575340542058700333e-01
8.283714834058887311e-01
7.883724196039881837e-01
7.483499508495997654e-01
6.810607124467537021e-01
6.069372279174273244e-01
5.148153349248700827e-01
4.007395964986191217e-01
3.143051069606329073e-01
2.659738800730234720e-01
2.217783082900341707e-01
1.896526705050788630e-01
1.619997191405701531e-01
1.410499461686093026e-01
1.250175537143659588e-01
1.120816364742779625e-01
1.006225717361793753e-01
9.216168141178673889e-02
8.474231147310770651e-02
7.861021392126574248e-02
7.362964003183074257e-02
6.976080138557318178e-02
6.679071291485277895e-02
6.456490193324906923e-02
6.306698497402049575e-02
6.224781163694238090e-02
6.220568272246407293e-02
6.271591068670130664e-02
6.375275008191733095e-02
6.574217104339277751e-02
6.851565791321444221e-02
7.214342554884613234e-02
7.688058793240649946e-02
8.217946917567757470e-02
8.951224079015120128e-02
9.803632448626128926e-02
1.083228011047137479e-01
1.213523381547535474e-01
1.361255441651453291e-01
1.585287646866076761e-01
1.844801760052427186e-01
2.182347984833590548e-01
2.594907082338622772e-01
3.041473575808640861e-01
4.052801572812806952e-01
5.087066423255161007e-01
5.743575340542058649e-01
6.399850208304077581e-01
6.859757524692224884e-01
7.202874128165519529e-01
7.517436689603520517e-01
7.734400599166784129e-01
7.951364508730047742e-01
8.087347282685016792e-01
8.206244441323783390e-01
8.297757805551655430e-01
8.351589196273931925e-01
8.404718438421568960e-01
8.410335627018676874e-01
8.416186865140664608e-01
8.386462575480971848e-01
8.334737630482609294e-01
8.283246735009127670e-01
8.231755839535646047e-01
8.180030894537284603e-01
8.128539999063801869e-01
8.053644151102372639e-01
7.977109956466787999e-01
7.900575761831203359e-01
7.824041567195618718e-01
7.747741422084913898e-01
7.677292515096194592e-01
7.625567570097833148e-01
7.573842625099470593e-01
7.522117680101110260e-01
7.470158685577868996e-01
7.418433740579507552e-01
7.393624490942283245e-01
7.389177549969574432e-01
7.384730608996863399e-01
7.380517717549033296e-01
7.376070776576323373e-01
7.371623835603613450e-01
7.391049946168609663e-01
7.413752750081916698e-01
7.436221504470346133e-01
7.458924308383654278e-01
7.481393062772082603e-01
7.500585123812197885e-01
7.505500163834667449e-01
7.510649253382016832e-01
7.515798342929363995e-01
7.520713382951833559e-01
7.525862472499180722e-01
7.506670411459065440e-01
7.465009596030519612e-01
7.418901839629266082e-01
7.338622852595609869e-01
7.258109816037073836e-01
7.140382905022703008e-01
7.007676824416045891e-01
6.849693395122408157e-01
6.637644525581612998e-01
6.425361606515939128e-01
6.120161026073117627e-01
5.806300613209754991e-01
5.360904367364134337e-01
4.790993774282638062e-01
4.181996910546271207e-01
3.294949211253100918e-01
2.498010579038524581e-01
2.096662453775218760e-01
1.741562514628095248e-01
1.485325094790057587e-01
1.273697514394045716e-01
1.096264569582923870e-01
9.705097598651875324e-02
8.638767963301034747e-02
7.747507372560033523e-02
7.028741281655198625e-02
6.428638299864251893e-02
5.942049337639845191e-02
5.509525815662594250e-02
5.172260450311286228e-02
4.905678041473576084e-02
4.697139914805972816e-02
4.558348546552450781e-02
4.460983944202593504e-02
4.406684454430557368e-02
4.398492721059776150e-02
4.438749239339044583e-02
4.532837148340589095e-02
4.673734962318026182e-02
4.876655900388522646e-02
5.158685577868277194e-02
5.490333754622478413e-02
5.898282076487384312e-02
6.419744417918832324e-02
7.051444085568506215e-02
7.810232645227731252e-02
8.752516032392454459e-02
1.004470345925197738e-01
1.156953611384168856e-01
1.351940270561250712e-01
1.607639376492065730e-01
1.912956981697327141e-01
2.470860834152506791e-01
3.140242475307775116e-01
3.634321022328325101e-01
4.057014464260637610e-01
4.408790900154472836e-01
4.623414314468942132e-01
4.838271778308290139e-01
4.973786453213500103e-01
5.104152038571361238e-01
5.199176145672423921e-01
5.264007864064036424e-01
5.322988344333661193e-01
5.344286851097692637e-01
5.365819407386602791e-01
5.363712961662688850e-01
5.353180733043112483e-01
5.329775780555164877e-01
5.280625380330478125e-01
5.231474980105790262e-01
5.182324579881102400e-01
5.133174179656414537e-01
5.084023779431727785e-01
5.023404952487946495e-01
4.956232738847539676e-01
4.889294574732013787e-01
4.822356410616486233e-01
4.755418246500959789e-01
4.688480082385432790e-01
4.634882741188035560e-01
4.581753499040397415e-01
4.528390207367878895e-01
4.475260965220240195e-01
4.422131723072602050e-01
4.376960164770865580e-01
4.352150915133641829e-01
4.327107615971539367e-01
4.302064316809436906e-01
4.277255067172213154e-01
4.252211768010110693e-01
4.237466647942704778e-01
4.229743013621682368e-01
4.221785329775780693e-01
4.213827645929879018e-01
4.206104011608856608e-01
4.198146327762954932e-01
4.184337405795066078e-01
4.169826335252539429e-01
4.155315264710012779e-01
4.140804194167486130e-01
4.126293123624958925e-01
4.106398914010205292e-01
4.069419089079249208e-01
4.032439264148293678e-01
3.979075972475776268e-01
3.922201937930065996e-01
3.854093526190141561e-01
3.770771895333052681e-01
3.686280016851565811e-01
3.562935917240088179e-01
3.439825867153489813e-01
3.284416982633525106e-01
3.110050086598324381e-01
2.905958900903431452e-01
2.600992369985488661e-01
2.295791789542667161e-01
1.852431774563497724e-01
1.397205448672939054e-01
1.158240883771005925e-01
9.699714459579647508e-02
8.099283808453869304e-02
6.912652717314983486e-02
5.860132003932032319e-02
5.161260122641950915e-02
4.541496980761128982e-02
4.065206197631419244e-02
3.650236390020128452e-02
3.303609043673641499e-02
3.033515891962739602e-02
2.792210831812011462e-02
2.600524270935729992e-02
2.444179188316247808e-02
2.320484014417451002e-02
2.230000468099049837e-02
2.161540982071806505e-02
2.111618218415016457e-02
2.094626222908767613e-02
2.096826288442634259e-02
2.121448298459954404e-02
2.170879558114496843e-02
2.247577587417497538e-02
2.352197725038618001e-02
2.497074380939006549e-02
2.670036979824931198e-02
2.880681552216448824e-02
3.161775031596685687e-02
3.480784534007395903e-02
3.893881945419650631e-02
4.407386603005195719e-02
5.122173851987080195e-02
5.920750830875813608e-02
7.070168047558864077e-02
8.331694986659177182e-02
1.036862800168515814e-01
1.333614192763188933e-01
1.589360108598979748e-01
1.782567991386977413e-01
1.971118288629873927e-01
2.077493797687590960e-01
2.183869306745307437e-01
2.269367598183775481e-01
2.343771942142957310e-01
2.411880353882881467e-01
2.461966952207087223e-01
2.511819501006412603e-01
2.549033375462247952e-01
2.583906754669287875e-01
2.613396994804100815e-01
2.636801947292047310e-01
2.659504751205354900e-01
2.671909376023967053e-01
2.681037307494265609e-01
2.686888545616252788e-01
2.688760941815288019e-01
2.685718297991854797e-01
2.679398960820109643e-01
2.670739128399569062e-01
2.659270701680475635e-01
2.644291532088189900e-01
2.628610213921265815e-01
2.609886251930908507e-01
2.587885596592239268e-01
2.566353040303328004e-01
2.542479988765622978e-01
2.517670739128399782e-01
2.490989093292140799e-01
2.463839348406122731e-01
2.434349108271310347e-01
2.404624818611618142e-01
2.374666479427046950e-01
2.344474090717595660e-01
2.312924214763844022e-01
2.280180686233206910e-01
2.247343537892618204e-01
2.214412769742077347e-01
2.181364976829097135e-01
2.148129944296213178e-01
2.114005523568787126e-01
2.079904507793849111e-01
2.045780087066423336e-01
2.011679071291485321e-01
1.977578055516547584e-01
1.943477039741609291e-01
1.909422833871647351e-01
1.875415437906661209e-01
1.841688901371530407e-01
1.808126199503815035e-01
1.774774142208491445e-01
1.741562514628095248e-01
1.708561531620090834e-01
1.675724383279501850e-01
1.643074474558816611e-01
1.610658615363010915e-01
1.578453400739596724e-01
1.546412020783597685e-01
1.515494078547020562e-01
1.484974020502738412e-01
1.454641202078359730e-01
1.424519028226372830e-01
1.394467069231849488e-01
1.364578944904741853e-01
1.335392969152272569e-01
1.307330431119224923e-01
1.279384917848616909e-01
1.251533024387960491e-01
1.223774750737255945e-01
1.196859055376117559e-01
1.172634929551093080e-01
1.148410803726068463e-01
1.124186677901043985e-01
1.099962552076019368e-01
1.075738426250994612e-01
1.051514300425970133e-01
1.027290174600945516e-01
1.003066048775921038e-01
9.788653279033843191e-02
9.546412020783598407e-02
9.304170762533352235e-02
9.081823713897861639e-02
8.887796657772785436e-02
8.693769601647709233e-02
8.499976595047512018e-02
8.305949538922435815e-02
8.111922482797359613e-02
7.918129476197163785e-02
7.724336469596966570e-02
7.530543462996769355e-02
7.336750456396573528e-02
7.142957449796376312e-02
6.949164443196180485e-02
6.778308290034171235e-02
6.626410148387398835e-02
6.474512006740626435e-02
6.322847914618733023e-02
6.171183822496840304e-02
6.019753779899827267e-02
5.868323737302812843e-02
5.716893694705799805e-02
5.565463652108786075e-02
5.414267659036652025e-02
5.263305715489397657e-02
5.112343771942142595e-02
4.974956700837897261e-02
4.851846650751299311e-02
4.730608996863736038e-02
4.611009689650329840e-02
4.492580630061321356e-02
4.375789917146467867e-02
4.259935402331133797e-02
4.145017085615316371e-02
4.031269016523896659e-02
3.918457145531994285e-02
3.806347423114731648e-02
3.696812245471141345e-02
3.594532603098815615e-02
3.493189158826007223e-02
3.393015962177596545e-02
3.293544914103824217e-02
3.206244441323784222e-02
3.120582315217899916e-02
3.036324486261292657e-02
2.953002855404203778e-02
2.870617422646631889e-02
2.789168187988578379e-02
2.708655151430042554e-02
2.628844263446145080e-02
2.549969573561765637e-02
2.471797032252024545e-02
2.394560689041801138e-02
2.317792444881336747e-02
2.241796564152974749e-02
2.166479427046763204e-02
2.091794223657725965e-02
2.017717549033375482e-02
1.944225998221223856e-02
1.871319571221270392e-02
1.799677011655666237e-02
1.734564433834199365e-02
1.670060384777418902e-02
1.606118054580349397e-02
1.548097177362730073e-02
1.493306183588447369e-02
1.438936478958947711e-02
1.384941253569255300e-02
1.331343912371857861e-02
1.278097645461779772e-02
1.225225857791508756e-02
1.172681739456069017e-02
1.120488695407948279e-02
1.068623320694658992e-02
1.017062210363712908e-02
9.658521743200861737e-03
9.149229977063145711e-03
8.642980854748865197e-03
8.139540326733137737e-03
7.638908393015962466e-03
7.141085053597341116e-03
6.646070308477273689e-03
6.153630108130880329e-03
5.663764452558161903e-03
5.176473341759116678e-03
4.691756775733745520e-03
4.209380704957169442e-03
3.729345129429387576e-03
3.251650049150400356e-03
2.776061414595328361e-03
2.302883490146514882e-03
1.831812011421616844e-03
1.362917193278097685e-03
