2.264297066168865710e-03
3.034232234302868328e-03
3.804142176029868139e-03
4.574304381826896013e-03
5.344214323553897125e-03
6.114124265280896503e-03
6.884286471077923943e-03
7.654196412804925055e-03
8.424106354531925300e-03
9.194016296258924678e-03
9.964178502055952985e-03
1.073408844378295236e-02
1.152594535960243215e-02
1.236447112837718576e-02
1.320324916122196830e-02
1.404177492999672018e-02
1.488030069877147553e-02
1.571907873161625807e-02
1.655760450039100995e-02
1.739613026916576183e-02
1.823490830201054611e-02
1.907343407078530145e-02
1.991195983956005333e-02
2.075073787240483414e-02
2.169546681466158825e-02
2.270048686965515580e-02
2.370575918871875229e-02
2.471103150778234878e-02
2.571579929870588740e-02
2.672233293811962160e-02
2.772634393683307691e-02
2.873035493554653222e-02
2.973688857496026988e-02
3.074089957367372172e-02
3.174743321308746286e-02
3.275144421180091470e-02
3.395978910723745914e-02
3.517822456547513993e-02
3.639666002371282766e-02
3.761509548195050845e-02
3.883353094018819618e-02
4.005196639842587003e-02
4.127040185666355776e-02
4.248883731490123855e-02
4.370475013243863699e-02
4.492318559067631778e-02
4.614162104891400551e-02
4.743825836886052943e-02
4.893418430412956738e-02
5.043263288009889461e-02
5.192855881536793256e-02
5.342700739133725979e-02
5.492545596730657315e-02
5.642138190257562497e-02
5.791983047854493832e-02
5.941827905451426556e-02
6.091420498978330350e-02
6.241265356575263074e-02
6.390857950102167562e-02
6.558613556671123723e-02
6.738477838601447667e-02
6.918342120531772999e-02
7.098206402462098330e-02
7.278070684392422274e-02
7.457934966322746217e-02
7.637799248253071549e-02
7.817663530183396881e-02
7.997527812113720824e-02
8.177392094044046156e-02
8.357256375974370100e-02
8.537120657904694043e-02
8.737670593577356870e-02
8.940743169950304825e-02
9.144320274463307863e-02
9.348401907116370146e-02
9.553240331979516442e-02
9.758835549052749525e-02
9.965187558336066620e-02
1.017229635982947050e-01
1.038016195353295840e-01
1.058878433944653308e-01
1.079841578164022070e-01
1.100880401604399511e-01
1.122045357079791139e-01
1.143285991776191307e-01
1.164476173658585967e-01
1.185615902726974702e-01
1.206679952574355036e-01
1.227668323200726552e-01
1.248581014606089667e-01
1.269418026790444243e-01
1.290128906939784770e-01
1.310738881461113448e-01
1.331247950354431109e-01
1.351529981584722873e-01
1.370020937917812431e-01
1.388234403773870584e-01
1.406170379152897332e-01
1.423753184833884133e-01
1.440907141595822449e-01
1.457506117403698231e-01
1.472616735198405691e-01
1.484498372896748408e-01
1.496380010595091126e-01
1.508261648293433843e-01
1.520143285991776283e-01
1.531242905073030569e-01
1.534572790797406605e-01
1.537877450114780165e-01
1.541182109432153724e-01
1.544486768749527006e-01
1.547791428066900565e-01
1.537019752276683471e-01
1.525894906788426153e-01
1.514770061300169113e-01
1.503619989404909041e-01
1.492495143916652001e-01
1.470850886708206240e-01
1.444262253727201795e-01
1.412527433717615799e-01
1.381852122802149363e-01
1.335839156428949848e-01
1.287782851088519476e-01
1.222850079463182194e-01
1.148558310839787183e-01
1.042607401427814717e-01
9.103705759188719659e-02
7.190535052092530965e-02
5.425947882243132431e-02
4.646451905855049358e-02
3.931787795464292135e-02
3.365202694180267906e-02
2.935344718851693943e-02
2.569561817310360430e-02
2.329002800131177442e-02
2.115864887364092908e-02
1.944829847884765872e-02
1.805201685123987779e-02
1.685149214197421974e-02
1.599581241643752844e-02
1.525339925834363376e-02
1.471834716581317364e-02
1.435407784869201231e-02
1.415378017708937737e-02
1.416563658838071796e-02
1.429706616886556800e-02
1.456219570646552844e-02
1.500189198052521641e-02
1.562069574430513877e-02
1.642844529653641680e-02
1.742741101384929700e-02
1.865997326000857701e-02
2.019777503090235127e-02
2.201281501475745028e-02
2.418026790444237004e-02
2.660376882520622613e-02
2.977725082616482916e-02
3.333417421356676263e-02
3.762014076335108009e-02
4.322544839938447653e-02
5.050326681970686293e-02
5.914583385888348005e-02
7.116873943644207168e-02
8.439242198733634681e-02
1.092656592921470299e-01
1.415932998663000375e-01
1.695819984359627774e-01
1.902827880225019808e-01
2.061829923563986700e-01
2.182967129991675304e-01
2.283948437224086470e-01
2.366009939204359036e-01
2.425266769254055543e-01
2.478444035216064156e-01
2.514921419742186526e-01
2.537272016346711623e-01
2.545344466587624033e-01
2.539542392976968377e-01
2.518326984687571102e-01
2.492696955172674644e-01
2.434550087031104315e-01
2.366464014530410553e-01
2.265457480890996633e-01
2.138543427259655405e-01
1.949824676471330342e-01
1.711132413410358100e-01
1.353119245225902489e-01
1.013748391816553657e-01
8.662243636638834732e-02
7.321712368507353463e-02
6.242274412855377402e-02
5.436038445044272943e-02
4.743573572816024014e-02
4.289498246764713446e-02
3.886884790999217687e-02
3.568779798693272332e-02
3.304911581443455149e-02
3.078882974697913846e-02
2.919956610579955286e-02
2.780454579854191657e-02
2.680305744052874709e-02
2.611437652935092238e-02
2.573093514290759887e-02
2.572588986150702722e-02
2.594535960243182435e-02
2.639943492848313700e-02
2.719658938977321735e-02
2.829898337579778503e-02
2.973688857496026988e-02
3.152291819076209062e-02
3.372770616281123290e-02
3.644711283771853022e-02
3.971645518528796326e-02
4.356348225322267953e-02
4.789485633561212097e-02
5.354809414495093761e-02
5.984712797356272346e-02
6.751343306172902237e-02
7.734416387073989041e-02
9.031053707020510191e-02
1.054564718347165836e-01
1.268863045836381431e-01
1.504931762569057252e-01
1.933528417547488720e-01
2.510632930551701669e-01
3.021619030801442896e-01
3.393708534093489160e-01
3.679271461365757889e-01
3.892182336469816595e-01
4.069271713629827869e-01
4.209530536565677661e-01
4.310436164577079454e-01
4.397719532806942389e-01
4.457001589263641095e-01
4.491057238717489630e-01
4.500138745238515536e-01
4.483993844756691272e-01
4.440352160641760082e-01
4.387628970005802431e-01
4.277894099543401718e-01
4.154032441159405398e-01
3.972402310738881726e-01
3.747382760273454405e-01
3.418178148886254486e-01
3.002699225549305129e-01
2.380338538381978342e-01
1.785272823591735891e-01
1.507782346560379572e-01
1.272268610781766562e-01
1.080421785525087636e-01
9.371862465629021699e-02
8.139047955399712764e-02
7.319946520017153735e-02
6.600741656365884114e-02
6.024318256350748302e-02
5.545521051436644311e-02
5.132060240659923334e-02
4.831109205115915323e-02
4.565222875305870870e-02
4.364925203703236278e-02
4.217855250876617612e-02
4.120481319845614721e-02
4.084659821901566457e-02
4.084155293761509986e-02
4.118715471355414992e-02
4.212305441335990885e-02
4.353573320551953896e-02
4.534446658762392862e-02
4.772583940869302294e-02
5.078327993743851632e-02
5.454958250296410016e-02
5.902222446456951988e-02
6.464519058550491359e-02
7.065412073358391665e-02
7.807068439242199898e-02
8.741959082767841727e-02
9.870084003935319927e-02
1.122549885219848304e-01
1.288514416891602121e-01
1.514467344416134953e-01
1.783834918392573354e-01
2.161549910446255163e-01
2.766327791932595148e-01
3.598042430816578707e-01
4.353321056481925799e-01
4.892913902272899573e-01
5.308392825609848931e-01
5.612875558134254872e-01
5.865391892232789672e-01
6.061401074644938713e-01
6.204182538281073356e-01
6.320224010494185363e-01
6.399434928483136442e-01
6.442319820387982787e-01
6.449130950278751939e-01
6.419616054085417467e-01
6.351504755177720396e-01
6.269014404278399066e-01
6.109583512020383411e-01
5.927701117529831087e-01
5.666355540980297922e-01
5.345727907974067161e-01
4.881057490981559610e-01
4.293786735955198441e-01
3.421457581796624736e-01
2.578391059761358517e-01
2.136802805176458708e-01
1.761232057718019328e-01
1.526323755707474639e-01
1.315077823465603812e-01
1.154713554148482646e-01
1.029086047274286736e-01
9.251784768295452654e-02
8.392573345778361893e-02
7.732398274513761771e-02
7.133271108196059807e-02
6.689790873085946221e-02
6.278095910799424972e-02
5.975126762695188998e-02
5.745061930829192809e-02
5.584874246361091338e-02
5.502636159531797827e-02
5.471355414848262655e-02
5.485734466839888024e-02
5.583360661940919845e-02
5.734719103958023367e-02
5.949900355692339105e-02
6.235463282964607418e-02
6.602507504856083842e-02
7.053807926137080353e-02
7.628717741732045365e-02
8.267450367044222592e-02
9.097399157438006145e-02
1.002800131177316451e-01
1.111374586917585339e-01
1.253146994273605652e-01
1.428924598269468438e-01
1.631316061653338978e-01
1.918821422264826992e-01
2.263363689109760546e-01
2.732776670618803916e-01
3.465099265911556481e-01
4.515022325370197653e-01
5.490527484170429906e-01
6.179460659418278823e-01
6.711485583108398600e-01
7.096188289901869117e-01
7.415554602557957731e-01
7.658737166065437973e-01
7.841628616836104904e-01
7.978608006861582780e-01
8.074972881612472175e-01
8.125425695618173627e-01
8.130470977018743328e-01
8.089856461744154847e-01
8.000554980954063256e-01
7.891072374561691749e-01
7.691026967029086503e-01
7.458187230392775424e-01
7.129234883075603602e-01
6.728387275800308265e-01
6.149693499154915699e-01
5.415352791301935031e-01
4.339951060770415037e-01
3.284730455841174956e-01
2.687873666153729468e-01
2.220428344390908415e-01
1.911808481118034420e-01
1.652455790721727713e-01
1.440352160641759915e-01
1.285361116016245919e-01
1.154309931636437053e-01
1.043969627405968575e-01
9.516157513685326308e-02
8.854721122070584316e-02
8.210690951287807904e-02
7.707171867510910490e-02
7.308090108725813494e-02
7.001841527711208379e-02
6.786408011906863713e-02
6.662294089452840129e-02
6.596705431245428186e-02
6.585101284024116874e-02
6.682727479125147307e-02
6.829292903811709503e-02
7.065916601498449523e-02
7.361317827501828726e-02
7.767967508387781106e-02
8.294442622537272214e-02
8.911480537826997617e-02
9.671299916752858217e-02
1.054034963800106056e-01
1.163618475820488996e-01
1.297696829040639599e-01
1.456169117832547266e-01
1.642743624025629900e-01
1.906082086728387304e-01
2.230291869529023308e-01
2.666683484271335502e-01
3.152544083146237575e-01
3.946923639666002903e-01
5.157791175802830530e-01
6.306601750712645948e-01
7.111576398173607982e-01
7.735173179284074996e-01
8.180419262884387477e-01
8.549986125476148890e-01
8.826972074367448462e-01
9.041648797961706618e-01
9.190989127418581761e-01
9.299714941600868423e-01
9.354960772937112035e-01
9.357735677707423871e-01
9.308291919981838136e-01
9.203350066849977917e-01
9.071668222295098394e-01
8.844378295199415430e-01
8.573698948058828817e-01
8.196311899296183645e-01
7.739461668474559852e-01
7.083575086400444309e-01
6.248076486466033197e-01
5.032415932998663965e-01
3.822305189071920628e-01
3.115209000782018789e-01
2.573093514290759609e-01
2.207689008854469004e-01
1.885446885800055594e-01
1.665472616735198530e-01
1.468429151635932406e-01
1.313589465452435767e-01
1.193007239978809836e-01
1.088998763906057071e-01
1.001160414722131187e-01
9.319643803133119409e-02
8.727580030776217745e-02
8.229863020609974600e-02
7.866098231628869397e-02
7.598193789258596287e-02
7.421608940238642871e-02
7.324487273277667521e-02
7.286647662773391987e-02
7.378471784263768152e-02
7.514946646149189835e-02
7.740470724754673626e-02
8.044701193209051471e-02
8.467243510506798632e-02
9.002043338967230524e-02
9.672813501173029016e-02
1.044070533033980008e-01
1.137635276607552731e-01
1.254433541030750832e-01
1.390807497288161221e-01
1.564239045432758990e-01
1.762215887591130348e-01
2.033904291011831289e-01
2.365227920587270605e-01
2.834186826770263012e-01
3.357887036149441173e-01
4.172952246411544275e-01
5.466562397517722438e-01
6.723594258469766105e-01
7.593148507858026308e-01
8.270477535884563913e-01
8.750031533008754137e-01
9.147599707373679223e-01
9.441235084886860918e-01
9.675588405943341686e-01
9.827955904240560647e-01
9.942483792033500745e-01
9.999243207789914045e-01
1.000000000000000000e+00
9.945006432733786150e-01
9.831235337150930897e-01
9.684922176534397353e-01
9.446028102217401967e-01
9.154410837264449485e-01
8.753815494059181690e-01
8.270225271814535262e-01
7.581039832496657693e-01
6.699881435887087289e-01
5.420398072702504733e-01
4.129310562296611975e-01
3.323579122625564541e-01
2.727983653288262311e-01
2.351757019247748548e-01
2.022527181453545597e-01
1.764410585000378562e-01
1.568426628995232275e-01
1.401730531520395673e-01
1.261345576549532110e-01
1.153124290507303168e-01
1.061325395423929896e-01
9.764637622663405181e-02
9.119346131530486899e-02
8.599429883201735458e-02
8.196311899296183923e-02
7.910748972023914916e-02
7.709189980071139148e-02
7.579273984006458520e-02
7.512424005448904707e-02
7.581796624706743648e-02
7.708433187861052360e-02
7.912262556444085715e-02
8.218763401528721146e-02
8.629197043465100525e-02
9.153149516914306505e-02
9.798441008047223399e-02
1.054690850382180162e-01
1.153553139426351515e-01
1.262733028934688861e-01
1.394616684745591806e-01
1.563002951489619319e-01
1.769329734365934215e-01
2.013496127746525199e-01
2.357256375974370044e-01
2.750939683660856283e-01
3.331903836936505603e-01
4.127292449736384428e-01
5.418127696072249089e-01
6.697106531116773231e-01
7.577760399586287443e-01
8.266441310764107708e-01
8.749779268938725485e-01
9.150122348073963519e-01
9.441487348956888459e-01
9.680381423273883845e-01
9.826442319820388738e-01
9.939708887263187798e-01
9.994702454529401647e-01
9.993693398249288151e-01
9.936681718422845089e-01
9.821901566559876340e-01
9.669534068262658488e-01
9.435433011276204152e-01
9.141797633763022457e-01
8.744481723468127132e-01
8.265179990413966671e-01
7.588607754597512800e-01
6.720062561489367203e-01
5.464544284957493225e-01
4.171943190131429668e-01
3.356877979869327677e-01
2.832925506420120865e-01
2.364017053051133965e-01
2.032642970661688864e-01
1.760929340833985168e-01
1.562952498675613811e-01
1.389520950531016041e-01
1.253146994273605652e-01
1.136373956257410167e-01
1.042809212683837444e-01
9.660200297671603376e-02
8.989682399535835200e-02
8.454882571075401920e-02
8.032340253777654759e-02
7.728362049393305844e-02
7.502585706717793124e-02
7.365858580762342511e-02
7.274034459271966346e-02
7.311621805706214339e-02
7.408491208597159372e-02
7.584823793547085247e-02
7.852223707777300499e-02
8.215483968618349231e-02
8.712696450644535906e-02
9.304003430791353557e-02
9.995206982669459228e-02
1.087283368229863129e-01
1.191216165081607492e-01
1.311672258520218959e-01
1.466385812668701549e-01
1.663303145732953348e-01
1.883151282762796086e-01
2.205216820968189662e-01
2.570318609520446107e-01
3.112181831941676635e-01
3.819025756161549823e-01
5.027370651598093154e-01
6.240760828435206742e-01
7.074745843949447055e-01
7.729371105673419340e-01
8.185464544284958288e-01
8.562094800837517505e-01
8.832269619838046815e-01
9.059559546933729779e-01
9.190989127418581761e-01
9.295678716480411108e-01
9.345627002346055257e-01
9.343356625715798502e-01
9.288363058449585763e-01
9.179889508337327753e-01
9.030801442950481261e-01
8.816629247496280408e-01
8.539895562675009488e-01
8.170833228223304268e-01
7.726091672763047979e-01
7.103251683862668031e-01
6.299790620821876796e-01
5.153502686612345673e-01
3.944653263035746149e-01
3.150525970586010027e-01
2.664917635781136052e-01
2.228652153073837905e-01
1.904568502308216227e-01
1.641330945233470395e-01
1.454857344668398778e-01
1.296485961504502959e-01
1.162483287505360618e-01
1.053000681112989112e-01
9.661713882091774175e-02
8.902399031305971433e-02
8.285865644156303889e-02
7.759895058146867863e-02
7.353497641330945800e-02
7.058348679397594139e-02
6.821977245780883048e-02
6.675664085164351169e-02
6.578037890063319348e-02
6.589894301354658201e-02
6.655230695492041215e-02
6.779092353876037258e-02
6.994525869680381924e-02
7.300522186624959498e-02
7.699603945410055106e-02
8.202618501046896049e-02
8.846144143689614603e-02
9.507076007164300124e-02
1.043036250346863064e-01
1.153275648949320109e-01
1.284276380515123328e-01
1.439191745919628784e-01
1.651219696778588042e-01
1.910496707953886208e-01
2.219066118412754418e-01
2.686612345803587321e-01
3.282964607350974950e-01
4.336923891930072883e-01
5.410055245831336679e-01
6.143134633334174088e-01
6.721071617769481810e-01
7.121162432834691192e-01
7.450114780151864124e-01
7.682702252718145441e-01
7.882747660250750688e-01
7.992482530713150846e-01
8.081784011503241327e-01
8.123155318987916873e-01
8.118866829797432016e-01
8.068918543931787868e-01
7.972805933250927124e-01
7.836331071365505441e-01
7.653691884664867162e-01
7.410761585227415571e-01
7.091647536641355609e-01
6.707197093917913744e-01
6.175172170227795077e-01
5.485986730909916398e-01
4.510481572109684145e-01
3.461063040791100276e-01
2.729244973638405014e-01
2.260361746676421146e-01
1.916197875936530570e-01
1.629020458616079470e-01
1.426856032895234827e-01
1.251280240155394907e-01
1.109659191241391396e-01
1.001236093943139727e-01
9.082767841376353235e-02
8.253828107262682623e-02
7.615852274160592184e-02
7.041699250775712571e-02
6.590903357634772530e-02
6.224363663883353270e-02
5.939053000681112499e-02
5.724376277086855314e-02
5.573017835069751097e-02
5.475391639968719970e-02
5.461012587977094601e-02
5.492293332660629773e-02
5.574279155419894355e-02
5.734466839887995132e-02
5.964279407683963780e-02
6.266744027648142590e-02
6.677934461794607368e-02
7.120910168764663095e-02
7.719028278802250731e-02
8.378446557856764065e-02
9.236396660023712957e-02
1.027421104412098579e-01
1.152897252844277409e-01
1.313034484498372956e-01
1.524002926263212376e-01
1.758633737796725660e-01
2.133775636336116832e-01
2.574859362780959615e-01
3.417169092606139880e-01
4.289498246764713585e-01
4.876769001791075309e-01
5.341691682853612066e-01
5.662067051789814176e-01
5.923160364269317579e-01
6.104790494689841251e-01
6.263969122877828255e-01
6.346207209707122043e-01
6.413813980474761811e-01
6.442319820387982787e-01
6.434247370147070377e-01
6.390353421962110536e-01
6.310637975833102153e-01
6.194344239549961495e-01
6.051562775913826853e-01
5.855805857571706463e-01
5.603541787543200314e-01
5.299563583158850566e-01
4.884841452031987719e-01
4.346005398451099344e-01
3.592240357205923607e-01
2.762543830882167595e-01
2.159002043338967558e-01
1.781715900204333958e-01
1.512625816704926685e-01
1.286950379657425536e-01
1.121137206427688521e-01
9.857723064503923216e-02
8.730607199616559344e-02
7.796977876441059385e-02
7.055826038697309011e-02
6.455689816099492717e-02
5.893897732146010510e-02
5.447138064125527090e-02
5.071012335713025176e-02
4.765772810978532309e-02
4.527887792941651113e-02
4.347266718801241769e-02
4.206251103655306300e-02
4.112913397744759336e-02
4.078100956080825401e-02
4.078857748290910801e-02
4.114679246234959065e-02
4.211800913195933721e-02
4.358870866022552387e-02
4.559168537625186285e-02
4.824802603365203196e-02
5.125501374839182278e-02
5.538457657475846091e-02
6.017002598319921847e-02
6.592669206124972259e-02
7.311369541636185410e-02
8.129714184808659039e-02
9.361267374687823328e-02
1.079261370802956504e-01
1.270906384803612565e-01
1.506193082919199955e-01
1.783355616659519360e-01
2.377033879064605060e-01
2.997906208218763524e-01
3.412880603415655578e-01
3.741580686662798749e-01
3.966347973058197418e-01
4.147725839408692994e-01
4.271587497792689314e-01
4.380817840115032724e-01
4.433541030750990375e-01
4.477182714865922120e-01
4.493579879417774481e-01
4.484498372896748575e-01
4.450442723442900039e-01
4.391665195126258081e-01
4.304381826896395147e-01
4.203728462955022005e-01
4.063469640019172213e-01
3.886632526929189591e-01
3.673973915895158981e-01
3.388410988622890807e-01
3.016069221260815891e-01
2.505083121011074665e-01
1.928533588960924250e-01
1.500870311041598570e-01
1.265280896041976744e-01
1.051386191064806602e-01
9.002800131177317311e-02
7.708685451931081289e-02
6.728135011730279613e-02
5.963522615473877686e-02
5.335132817032870595e-02
4.771322620519159730e-02
4.339446532630357456e-02
3.956005146187029087e-02
3.630079967710199418e-02
3.358896092429555086e-02
3.139174087434726951e-02
2.961327918064629930e-02
2.818041926288438956e-02
2.708307055826039006e-02
2.628843873767059552e-02
2.583688605231956870e-02
2.561993895209505739e-02
2.562498423349562557e-02
2.601094826063923490e-02
2.669710653111677379e-02
2.769859488912994328e-02
2.909361519638757956e-02
3.067783355616659699e-02
3.293559698292172766e-02
3.556923387401932091e-02
3.874776115637849905e-02
4.276632779193259570e-02
4.730203577104512974e-02
5.421659393052647574e-02
6.226886304583638398e-02
7.305062939885471895e-02
8.644080623596782365e-02
1.011805958477334233e-01
1.350823642188643259e-01
1.709089074443127243e-01
1.948109280795136400e-01
2.137080295653490392e-01
2.264120481319845390e-01
2.365253146994273636e-01
2.433440125122978692e-01
2.491738351706566379e-01
2.517620645291491210e-01
2.539290128906940280e-01
2.545596730657652129e-01
2.538281072626825674e-01
2.516561136197371096e-01
2.480436921369289782e-01
2.427436240256300448e-01
2.368280315834615790e-01
2.286244040261345978e-01
2.185212280214929026e-01
2.064024620973234914e-01
1.904921672006256450e-01
1.697787644105850091e-01
1.417774526374208366e-01
1.094296309376655563e-01
8.451855402235060322e-02
7.125198657955147952e-02
5.919124139148861097e-02
5.052597058600943186e-02
4.323049368078504817e-02
3.761257284125022610e-02
3.332156101006533699e-02
2.975706970056254952e-02
2.657854241820337832e-02
2.415251885673923640e-02
2.198279559042405629e-02
2.016624202214878370e-02
1.862768345904492959e-02
1.739461668474559519e-02
1.639539870336268260e-02
1.558790141520143349e-02
1.496909765142150767e-02
1.452965364143185036e-02
1.426477636790192058e-02
1.413385131555712666e-02
1.412275169647587113e-02
1.432355389621856219e-02
1.468832774147978137e-02
1.522438889029035722e-02
1.596806336873439480e-02
1.682525667869125274e-02
1.802779950051714222e-02
1.942635150475517658e-02
2.113998133245881955e-02
2.327539668525012082e-02
2.568805025100275030e-02
2.935344718851693943e-02
3.366464014530410470e-02
3.934562700234606192e-02
4.651497187255619614e-02
5.433515804343987815e-02
7.199868822683584690e-02
9.114048586059887713e-02
1.043692136928937170e-01
1.149718725561918176e-01
1.224035720592316079e-01
1.289018945031659147e-01
1.337075250372089519e-01
1.383113443152291788e-01
1.413713074846749684e-01
1.445321762821321354e-01
1.471708584546302934e-01
1.492999672056709026e-01
1.503973159102948987e-01
1.514921419742186193e-01
1.525869680381423399e-01
1.536843167427663359e-01
1.547438258368860620e-01
1.544108372644484306e-01
1.540778486920107992e-01
1.537448601195731679e-01
1.534143941878358397e-01
1.530814056153982083e-01
1.519689210665725043e-01
1.507782346560379572e-01
1.495875482455034100e-01
1.483968618349688628e-01
1.472086980651345911e-01
1.456976362856638452e-01
1.440377387048762947e-01
1.423223430286824354e-01
1.405640624605837274e-01
1.387704649226810805e-01
1.369465956963749620e-01
1.351000227037663093e-01
1.330718195807371329e-01
1.310234353321056699e-01
1.289624378799727467e-01
1.268888272243384463e-01
1.248076486466032642e-01
1.227163795060669665e-01
1.206175424434297733e-01
1.185111374586917538e-01
1.163971645518528802e-01
1.142781463636134420e-01
1.121540828939734114e-01
1.100401099871345378e-01
1.079337050023965183e-01
1.058399132211599036e-01
1.037536893620241707e-01
1.016750334249892779e-01
9.960646805075554222e-02
9.754294795792235739e-02
9.548699578719004044e-02
9.344113417925885290e-02
9.139779521202795465e-02
8.936202416689792427e-02
8.733382104386873401e-02
8.533084432784239504e-02
8.353220150853914172e-02
8.173355868923590228e-02
7.993491586993264897e-02
7.813627305062939565e-02
7.634015287202643163e-02
7.454151005272319219e-02
7.274286723341993888e-02
7.094422441411669944e-02
6.914558159481346000e-02
6.734946141621049598e-02
6.555081859690724266e-02
6.387578517191795646e-02
6.237733659594864311e-02
6.088141066067960516e-02
5.938548472541056028e-02
5.788703614944123998e-02
5.639111021417219510e-02
5.489518427890315716e-02
5.339673570293382993e-02
5.190080976766479198e-02
5.040488383239575404e-02
4.890643525642643374e-02
4.741050932115738886e-02
4.611639464191115423e-02
4.489795918367347344e-02
4.367952372543578571e-02
4.246361090789838727e-02
4.124517544966070648e-02
4.002926263212330804e-02
3.881082717388562725e-02
3.759239171564793952e-02
3.637647889811054108e-02
3.515804343987286029e-02
3.393960798163517256e-02
3.273126308619863506e-02
3.172725208748518322e-02
3.072324108877172791e-02
2.971923009005827260e-02
2.871521909134482423e-02
2.770868545193108309e-02
2.670467445321762778e-02
2.570066345450417594e-02
2.469564339951061185e-02
2.369112787265709869e-02
2.268661234580358899e-02
2.168184455488005036e-02
2.073762014076335064e-02
1.989959890012865662e-02
1.906157765949395913e-02
1.822330415478923271e-02
1.738528291415453522e-02
1.654726167351984120e-02
1.570898816881511825e-02
1.487096692818042076e-02
1.403294568754572327e-02
1.319467218284099859e-02
1.235665094220630110e-02
1.151862970157160534e-02
1.072727731389218342e-02
9.957619636235211236e-03
9.188214222648267981e-03
8.418808809061326462e-03
7.649151131404354279e-03
6.879745717817411892e-03
6.110340304230468637e-03
5.340682626573497321e-03
4.571277212986554934e-03
3.801871799399612114e-03
3.032214121742640364e-03
2.262833934562700350e-03
