1.386278547360539175e-03
1.860843317109696837e-03
2.337584238113066346e-03
2.816594908274054881e-03
3.297688131785848301e-03
3.781121302882815751e-03
4.267128416323474199e-03
4.755241482590790575e-03
5.245928491201797515e-03
5.738955447397978485e-03
6.234790340696369157e-03
6.733199176338450394e-03
7.234181954324223063e-03
7.737738674653688031e-03
8.244337326843879238e-03
8.753743916136279279e-03
9.266192437289405559e-03
9.781448895544740674e-03
1.029998128041931943e-02
1.082155559715462442e-02
1.134640584050917306e-02
1.187453201048296533e-02
1.240616810183452039e-02
1.294131411456383475e-02
1.347997004867091189e-02
1.402236989891426575e-02
1.456874766005241545e-02
1.511886933732684533e-02
1.567320292025458847e-02
1.626029576937476628e-02
1.690729127667540271e-02
1.756013665293897422e-02
1.821883189816548079e-02
1.894374766005241587e-02
1.968153313365780810e-02
2.042516847622613541e-02
2.117465368775739432e-02
2.193045675776863004e-02
2.269257768625982871e-02
2.346031448895544852e-02
2.423717708723325051e-02
2.501871958068139362e-02
2.580962186447023632e-02
2.660754399101460457e-02
2.741482590789966547e-02
2.822912766754024846e-02
2.905278921752153104e-02
2.988581055784350279e-02
3.072819168850617760e-02
3.158227255709471909e-02
3.244571321602396363e-02
3.333021340321977444e-02
3.433405091725945379e-02
3.534958816922501024e-02
3.637214526394608877e-02
3.740640209659303744e-02
3.851085735679520700e-02
3.964339198801947184e-02
4.078294646199925183e-02
4.193420067390490891e-02
4.309247472856608113e-02
4.426244852115313044e-02
4.544412205166604296e-02
4.663749532010483256e-02
4.784490827405466634e-02
4.907104080868589235e-02
5.031355297641332963e-02
5.169880194683639657e-02
5.321976787719955720e-02
5.474307375514789187e-02
5.626871958068140056e-02
5.779436540621490231e-02
5.932001123174841101e-02
6.084799700486709373e-02
6.237598277798578339e-02
6.390396855110445917e-02
6.543429427180831592e-02
6.696228004492699171e-02
6.849494571321602943e-02
7.021714713590415657e-02
7.216632347435417150e-02
7.411549981280420030e-02
7.606467615125421522e-02
7.801619243728941111e-02
7.996770872332460700e-02
8.191688506177462192e-02
8.386840134780981781e-02
8.582225758143018080e-02
8.777377386746537669e-02
8.972529015350055870e-02
9.167914638712093556e-02
9.391145638337701496e-02
9.634500187195807475e-02
9.877620741295396745e-02
1.012097529015350272e-01
1.036409584425308922e-01
1.060745039311119520e-01
1.085057094721078308e-01
1.109392549606888906e-01
1.133728004492699504e-01
1.158040059902658153e-01
1.182375514788468751e-01
1.206710969674279349e-01
1.233667165855484860e-01
1.261442343691501489e-01
1.289264320479221460e-01
1.317203294646200062e-01
1.345446461999251497e-01
1.375070198427555401e-01
1.404834331710969886e-01
1.434692062897791331e-01
1.464690190939723080e-01
1.494805316360913738e-01
1.525926619243729021e-01
1.557609509546986348e-01
1.589432796705353979e-01
1.621443279670535531e-01
1.653617558966679335e-01
1.685955634593785113e-01
1.718597903406963723e-01
1.751497566454511545e-01
1.784982216398352806e-01
1.818583863721452698e-01
1.852302508423811500e-01
1.886138150505428934e-01
1.920067390490453330e-01
1.954043429427180789e-01
1.988113066267315765e-01
2.022252901535005754e-01
2.056416136278547413e-01
2.090251778360164847e-01
2.123947023586671978e-01
2.157548670909771593e-01
2.191056720329464802e-01
2.224494571321602721e-01
2.257862223886185071e-01
2.290083302134032217e-01
2.321602396106327293e-01
2.353051291651067078e-01
2.384172594533882639e-01
2.415293897416697921e-01
2.444543242231373981e-01
2.473090602770498247e-01
2.500233994758517819e-01
2.526207412953949683e-01
2.551478846873830308e-01
2.574176338450018808e-01
2.596873830026207863e-01
2.616763384500187528e-01
2.635014975664545234e-01
2.651862598277798799e-01
2.665200299513291182e-01
2.675964058405091994e-01
2.685089853987270847e-01
2.692577686259827741e-01
2.693513665293897352e-01
2.690705728191689072e-01
2.684855859228753583e-01
2.676432047922127078e-01
2.665668289030325711e-01
2.642736802695619946e-01
2.619337326843879099e-01
2.589853987270685498e-01
2.555222763010108755e-01
2.518485585922875525e-01
2.469580681392737065e-01
2.420675776862598605e-01
2.352583302134032550e-01
2.277985773118682555e-01
2.193537064769749134e-01
2.090532572070386008e-01
1.987504679895170656e-01
1.796401160614002346e-01
1.600266754024709803e-01
1.333161737177087358e-01
1.029974728566080133e-01
8.230765630849869174e-02
6.978893672781730229e-02
5.847529015350056564e-02
5.086110071134406635e-02
4.408227255709472325e-02
3.921284163234743658e-02
3.526301010857357116e-02
3.216257955821789916e-02
2.940846125046799042e-02
2.730250842381130860e-02
2.555924747285661172e-02
2.408040059902658014e-02
2.300098277798577617e-02
2.220212467240733831e-02
2.168218831898165860e-02
2.141917821040808731e-02
2.138946087607637714e-02
2.156051104455260214e-02
2.207623549232497207e-02
2.278570760014975854e-02
2.372472856608012076e-02
2.500701984275552348e-02
2.662158367652564528e-02
2.859181954324223340e-02
3.104876450767503002e-02
3.378650318232871708e-02
3.724494571321602249e-02
4.133751403968551064e-02
4.598698989142643856e-02
5.193045675776863240e-02
5.858526769000374501e-02
6.853238487457881389e-02
7.980859228753275914e-02
9.538562336203668113e-02
1.139484275552227754e-01
1.378556720329464635e-01
1.840906963684013631e-01
2.303210408086859007e-01
2.612317484088356734e-01
2.921190565331336919e-01
3.121958068139273901e-01
3.290668289030326266e-01
3.442530887308124510e-01
3.565846125046799320e-01
3.688927368026956310e-01
3.771761512542119443e-01
3.853191688506177326e-01
3.920348184200674324e-01
3.976740921003369955e-01
4.029623736428304404e-01
4.066360913515537634e-01
4.102864095844253045e-01
4.122753650318233265e-01
4.137495320104829788e-01
4.152002995132909047e-01
4.166744664919505570e-01
4.181486334706103203e-01
4.195760014975665197e-01
4.203949831523774439e-01
4.212139648071883680e-01
4.220329464619992921e-01
4.228519281168102717e-01
4.236709097716211958e-01
4.251450767502808481e-01
4.276722201422688552e-01
4.301759640584051358e-01
4.326797079745414165e-01
4.351834518906776417e-01
4.376871958068139223e-01
4.422032946461999514e-01
4.474915761886933963e-01
4.527798577311868966e-01
4.580681392736802859e-01
4.633564208161737308e-01
4.686915013103706840e-01
4.753369524522650935e-01
4.820058030700112850e-01
4.886512542119056390e-01
4.952967053538001596e-01
5.019421564956945137e-01
5.079792212654437034e-01
5.128697117184575216e-01
5.177836016473231773e-01
5.226740921003369955e-01
5.275645825533508138e-01
5.324550730063646320e-01
5.348418195432422806e-01
5.359649943841258146e-01
5.362457880943467536e-01
5.341866342193934969e-01
5.321274803444403512e-01
5.264882066641707326e-01
5.203107450393111844e-01
5.109509546986147344e-01
4.979642456008985252e-01
4.844861475102957837e-01
4.638712092849121005e-01
4.432562710595283062e-01
4.079932609509547281e-01
3.651722201422688552e-01
3.140443654062148870e-01
2.450393111194309193e-01
1.883634406589292376e-01
1.578622238861849825e-01
1.326914077124672631e-01
1.141262635716960017e-01
9.970984649943841205e-02
8.752339947585174862e-02
7.856374017222014783e-02
7.125140396855110525e-02
6.509266192437289378e-02
5.993775739423437554e-02
5.584986896293523545e-02
5.248034444028453621e-02
4.959284912017971475e-02
4.749625608386372211e-02
4.602910894795957109e-02
4.504165106701610299e-02
4.461344065892924177e-02
4.469299887682515876e-02
4.524990640209659853e-02
4.625842381130663289e-02
4.769281168101834056e-02
4.985492324971920602e-02
5.260904155746911476e-02
5.607216398352677517e-02
6.048764507675028629e-02
6.541791463871210466e-02
7.142222014226881632e-02
7.853566080119805948e-02
8.722154623736429191e-02
9.748689629352302877e-02
1.094744477723698928e-01
1.262167727442905507e-01
1.462794833395732186e-01
1.706991763384500260e-01
2.058381692250093598e-01
2.459050917259453517e-01
3.268204792212655030e-01
4.188740172220142277e-01
4.811166229876451261e-01
5.388197304380382135e-01
5.831851366529389180e-01
6.134874578809434986e-01
6.430409958816922789e-01
6.642175215275177846e-01
6.853940471733434014e-01
7.009078996630475622e-01
7.138244103332085366e-01
7.253369524522651490e-01
7.332459752901535621e-01
7.411783976038937016e-01
7.457178959191314016e-01
7.497894047173343512e-01
7.516847622613254121e-01
7.512167727442905507e-01
7.507253837514039629e-01
7.502573942343692126e-01
7.497894047173343512e-01
7.492980157244477635e-01
7.474494571321603775e-01
7.452733058779483777e-01
7.430737551478847625e-01
7.408742044178210362e-01
7.386746536877575320e-01
7.367792961437663601e-01
7.372706851366529479e-01
7.377386746536878093e-01
7.382066641707225596e-01
7.386746536877575320e-01
7.391660426806440087e-01
7.416463871209285630e-01
7.467708723324598674e-01
7.519187570198427872e-01
7.570666417072258181e-01
7.622145263946087379e-01
7.673624110819917687e-01
7.743120554099588437e-01
7.818934855859228650e-01
7.894749157618868862e-01
7.970563459378511295e-01
8.046377761138151508e-01
8.120788094346687025e-01
8.172032946462000069e-01
8.223277798577313114e-01
8.274756645451142312e-01
8.326001497566455356e-01
8.377480344440284554e-01
8.407431673530513239e-01
8.402751778360164625e-01
8.398071883189817122e-01
8.346359041557468439e-01
8.293710220891052920e-01
8.205494196929988826e-01
8.091070760014976715e-01
7.958395731935605788e-01
7.741950580307001006e-01
7.525505428678398445e-01
7.221312242605766318e-01
6.891379633096219592e-01
6.436259827779857723e-01
5.771246724073381129e-01
5.105999625608387271e-01
4.024709846499438526e-01
2.995834893298390256e-01
2.552414825907899920e-01
2.145357543991014693e-01
1.817858479970048680e-01
1.571532197678772169e-01
1.360047734930737440e-01
1.219510482965181775e-01
1.094557281916885144e-01
9.943373268438786272e-02
9.102630101085736058e-02
8.371630475477349898e-02
7.833676525645826005e-02
7.350711344065893882e-02
6.977255709472107714e-02
6.689910146012729986e-02
6.482824784724823541e-02
6.374251216772744422e-02
6.320666417072258458e-02
6.324644327967053614e-02
6.409818420067391054e-02
6.565892923998503661e-02
6.797547734930738106e-02
7.105952826656683485e-02
7.505381879445900684e-02
8.015724447772371031e-02
8.638618494945714266e-02
9.383891800823662699e-02
1.022791089479595794e-01
1.134734181954324406e-01
1.260014975664545123e-01
1.413141145638337759e-01
1.611475102957693750e-01
1.873642830400598924e-01
2.181252339947585273e-01
2.616061400224635181e-01
3.094814676151254607e-01
3.971593036315986813e-01
5.139460876076376028e-01
6.098137401722202311e-01
6.849494571321602665e-01
7.528079371022089461e-01
7.914170722575815109e-01
8.300262074129540757e-01
8.588777611381505084e-01
8.852489704230626089e-01
9.072444777236989832e-01
9.225945338824410591e-01
9.379211905653314085e-01
9.466257955821789638e-01
9.553070011231749037e-01
9.609228753275927959e-01
9.644327967053538675e-01
9.667727442905280633e-01
9.641988019468364923e-01
9.616248596031449214e-01
9.590509172594533505e-01
9.564769749157618905e-01
9.539030325720704306e-01
9.500889180082366936e-01
9.450580307001122948e-01
9.400505428678398445e-01
9.350196555597155568e-01
9.299887682515912690e-01
9.249578809434669813e-01
9.225711344065893327e-01
9.207225758143018357e-01
9.188974166978660651e-01
9.170488581055785682e-01
9.152236989891426866e-01
9.142175215275178957e-01
9.181252339947586494e-01
9.220563459378511295e-01
9.259640584050918832e-01
9.298951703481843634e-01
9.338028828154248950e-01
9.391613627854736857e-01
9.461812055409959399e-01
9.532244477723700316e-01
9.602442905278921748e-01
9.672641332834145400e-01
9.742839760389367942e-01
9.791744664919506125e-01
9.834565705728193219e-01
9.877620741295395357e-01
9.920441782104081341e-01
9.963262822912767325e-01
9.999766005241482736e-01
9.977536503182329319e-01
9.955307001123175903e-01
9.894936353425684006e-01
9.817952077873456362e-01
9.720376263571696152e-01
9.572257581430176909e-01
9.424372894047174931e-01
9.171892549606890377e-01
8.906308498689629038e-01
8.577077873455635215e-01
8.181158742044178922e-01
7.751544365406215498e-01
6.968363908648447236e-01
6.184949457132160600e-01
5.044459004118307943e-01
3.843363908648446681e-01
3.092006739049045771e-01
2.538609135155373009e-01
2.185160052414825971e-01
1.878603519281168144e-01
1.634336390864844779e-01
1.452686259827779824e-01
1.298764507675028157e-01
1.169459004118307832e-01
1.063506177461624874e-01
9.852583302134033938e-02
9.082272557094722698e-02
8.481140022463497241e-02
7.993260950954698962e-02
7.612083489329839192e-02
7.339713590415575251e-02
7.154155746911269875e-02
7.032946461999250998e-02
6.968363908648447791e-02
7.032712467240734289e-02
7.147837888431299302e-02
7.339479595657058542e-02
7.619103332085361280e-02
7.995600898539872992e-02
8.469674279296145192e-02
9.089292399850243398e-02
9.803678397603894645e-02
1.066267315612130367e-01
1.175215275177836083e-01
1.297243541744664830e-01
1.453903032572070597e-01
1.635553163609135274e-01
1.898867465368775931e-01
2.195432422313740306e-01
2.626825159116435993e-01
3.115172220142269355e-01
3.838450018719580803e-01
5.043757019842756151e-01
6.184949457132160600e-01
6.968597903406963390e-01
7.752246349681768400e-01
8.181860726319730714e-01
8.578013852489704272e-01
8.907244477723700316e-01
9.172828528640959433e-01
9.425308873081243988e-01
9.573427555222763230e-01
9.721312242605766318e-01
9.819122051666043793e-01
9.895872332459753062e-01
9.956008985398727695e-01
9.978004492699364958e-01
1.000000000000000000e+00
9.963262822912767325e-01
9.920441782104081341e-01
9.877620741295395357e-01
9.834799700486710483e-01
9.791744664919506125e-01
9.742839760389367942e-01
9.672641332834145400e-01
9.602442905278921748e-01
9.532244477723700316e-01
9.462046050168476663e-01
9.391847622613254121e-01
9.338496817671284589e-01
9.299419692998877052e-01
9.260342568326470625e-01
9.221265443654063088e-01
9.181954324223138286e-01
9.142877199550730749e-01
9.153172968925495923e-01
9.171658554848372003e-01
9.190144140771246972e-01
9.208629726694121942e-01
9.226881317858480758e-01
9.250982777985773398e-01
9.301291651067016275e-01
9.351834518906777527e-01
9.402143391988019294e-01
9.452452265069263282e-01
9.502761138150505049e-01
9.541136278547360794e-01
9.566875701984275393e-01
9.592615125421191102e-01
9.618354548858105701e-01
9.644093972295022521e-01
9.669833395731937120e-01
9.646199925121676788e-01
9.610632721827032654e-01
9.554473979782853732e-01
9.467661924372894333e-01
9.380381879445901516e-01
9.227115312616998022e-01
9.073614751029577263e-01
8.853659678023213520e-01
8.589713590415576361e-01
8.301198053163609814e-01
7.914872706851368012e-01
7.528547360539123989e-01
6.849728566080119929e-01
6.097903406963683937e-01
5.138524897042306971e-01
3.970423062523399937e-01
3.093878697117184440e-01
2.615359415949082833e-01
2.180667353051291835e-01
1.873174840883564396e-01
1.611100711344066183e-01
1.412813552976413256e-01
1.259757581430176188e-01
1.134500187195806864e-01
1.022603893672781733e-01
9.382019842755523475e-02
8.637214526394608460e-02
8.014320479221265225e-02
7.504211905653312975e-02
7.104782852864097165e-02
6.796845750655186591e-02
6.565190939722950758e-02
6.409350430550356248e-02
6.324410333208536905e-02
6.320432422313740362e-02
6.374251216772744422e-02
6.483058779483340250e-02
6.690378135529764791e-02
6.977957693747660617e-02
7.351647323099963494e-02
7.834846499438413714e-02
8.373034444028454315e-02
9.104502059153875282e-02
9.945713216023961689e-02
1.094838075627105889e-01
1.219838075627106000e-01
1.360422126544365562e-01
1.571976787719955304e-01
1.818396667914638776e-01
2.145989329839011472e-01
2.553116810183451713e-01
2.996536877573942603e-01
4.025879820292025402e-01
5.108339573193561023e-01
5.774522650692625048e-01
6.440705728191689072e-01
6.896293523025085470e-01
7.226694122051666724e-01
7.531589292399850644e-01
7.748268438786971579e-01
7.965181579932609779e-01
8.097856608011980706e-01
8.212514039685512302e-01
8.301198053163609814e-01
8.354314863347062081e-01
8.406261699737925808e-01
8.411643579183827324e-01
8.417025458629726620e-01
8.387542119056533574e-01
8.336297266941220530e-01
8.285286409584425860e-01
8.234275552227630079e-01
8.183030700112317035e-01
8.132019842755522365e-01
8.057609509546986848e-01
7.981795207787345525e-01
7.905980906027705313e-01
7.829932609509547836e-01
7.754118307749906513e-01
7.684387869711719610e-01
7.632909022837888191e-01
7.581664170722577367e-01
7.530185323848745949e-01
7.478706476974915640e-01
7.427227630101086442e-01
7.402424185698240899e-01
7.397744290527892286e-01
7.393064395357543672e-01
7.388150505428678905e-01
7.383470610258330291e-01
7.378790715087982788e-01
7.397744290527892286e-01
7.419739797828529548e-01
7.441735305129165701e-01
7.463730812429801853e-01
7.485726319730438005e-01
7.504211905653314085e-01
7.508891800823662699e-01
7.513571695994010202e-01
7.518017596405840441e-01
7.522697491576189055e-01
7.527377386746536558e-01
7.507955821789592532e-01
7.466538749532011243e-01
7.420675776862598605e-01
7.341117558966679946e-01
7.261559341070761286e-01
7.146199925121677898e-01
7.017034818420068154e-01
6.861428304005990908e-01
6.649195058030700212e-01
6.437195806813927890e-01
6.141426432047921713e-01
5.837935230250843599e-01
5.393345189067765277e-01
4.815378135529764791e-01
4.191782104080869487e-01
3.270310745039311517e-01
2.461156870086110282e-01
2.060581242980157601e-01
1.709144515162860367e-01
1.464830587794833661e-01
1.264086484462748072e-01
1.096522837888431329e-01
9.765303257207039178e-02
8.737364283040061075e-02
7.867605765630850123e-02
7.155325720703856196e-02
6.554193186072632127e-02
6.060464245600898775e-02
5.618214152002994760e-02
5.271199925121677204e-02
4.995320104829651525e-02
4.778874953201048964e-02
4.634968176712842003e-02
4.534116435791838567e-02
4.478191688506177881e-02
4.470235866716586182e-02
4.513290902283789013e-02
4.612036690378135823e-02
4.758751403968551619e-02
4.968878697117184995e-02
5.257862223886185238e-02
5.595282665668289274e-02
6.004773493073754798e-02
6.520731935604642815e-02
7.137308124298015477e-02
7.869477723698990734e-02
8.766379633096219037e-02
9.985726319730438283e-02
1.142830400599026686e-01
1.328528640958442641e-01
1.580260202171471506e-01
1.885248970423062942e-01
2.451797079745413888e-01
3.142315612130288649e-01
3.654764133283414651e-01
4.083676525645826283e-01
4.436774616248596037e-01
4.643157993260951244e-01
4.849775365031823160e-01
4.984556345937851130e-01
5.114891426432048860e-01
5.208489329839012250e-01
5.270497940846126106e-01
5.327124672407338446e-01
5.347950205915388278e-01
5.368541744664919735e-01
5.366201797079745983e-01
5.355204043429427907e-01
5.331804567577687060e-01
5.282899663047548877e-01
5.233994758517409585e-01
5.185089853987270292e-01
5.136418944215650484e-01
5.087514039685511191e-01
5.027143391988020404e-01
4.960454885810558490e-01
4.893766379633097130e-01
4.827311868214151924e-01
4.760623362036690565e-01
4.693934855859228650e-01
4.640584050917259673e-01
4.587701235492325780e-01
4.534584425308873512e-01
4.481701609883938509e-01
4.428818794459004060e-01
4.383657806065144880e-01
4.358620366903781518e-01
4.333582927742418711e-01
4.308311493822538640e-01
4.283274054661175834e-01
4.258002620741295763e-01
4.243260950954699240e-01
4.234837139648072180e-01
4.226647323099962383e-01
4.218457506551853142e-01
4.210267690003743901e-01
4.202077873455634660e-01
4.187804193186072665e-01
4.173062523399476142e-01
4.158320853612879620e-01
4.143579183826281986e-01
4.128837514039685463e-01
4.108947959565705799e-01
4.071976787719955859e-01
4.035239610632722074e-01
3.982122800449270361e-01
3.925496068888056911e-01
3.858339573193561023e-01
3.776675402470984766e-01
3.693841257955822188e-01
3.570526020217147378e-01
3.447210782478472568e-01
3.295114189442157060e-01
3.125935979034069612e-01
2.924934481467615366e-01
2.615359415949082833e-01
2.305714152002995287e-01
1.842521527517783642e-01
1.379586297266941486e-01
1.139975664545114370e-01
9.538562336203668113e-02
7.977115312616997467e-02
6.847622613253463719e-02
5.851272931486335011e-02
5.185089853987270847e-02
4.590041183077499254e-02
4.124859603144889753e-02
3.715602770497941632e-02
3.369524522650692994e-02
3.095984649943841344e-02
2.850290153500561682e-02
2.653266566828902870e-02
2.492044178210408092e-02
2.363815050542867821e-02
2.270123549232497262e-02
2.199293335829277662e-02
2.147814488955447632e-02
2.130803070011231745e-02
2.133868401347810070e-02
2.160239610632722074e-02
2.212256645451142131e-02
2.292189254960689052e-02
2.400318232871584065e-02
2.548202920254586529e-02
2.722763010108573620e-02
2.933358292774242149e-02
3.209238113066267134e-02
3.519281168101835028e-02
3.914966304754773779e-02
4.402611381505054655e-02
5.081664170722575979e-02
5.844721078247847035e-02
6.978893672781730229e-02
8.234041557469112815e-02
1.030653313365780810e-01
1.334331710969674234e-01
1.601998315237738724e-01
1.798553912392362453e-01
1.990055222763010279e-01
2.093223511793336211e-01
2.196391800823661589e-01
2.280957506551853364e-01
2.355625233994758649e-01
2.423717708723324982e-01
2.472856608011980706e-01
2.521995507300636707e-01
2.558732684387869938e-01
2.593363908648446681e-01
2.623081242980157546e-01
2.646480718831898393e-01
2.669412205166604157e-01
2.682047922126544748e-01
2.691407712467240865e-01
2.697257581430175799e-01
2.699129539498315578e-01
2.696321602396106187e-01
2.690003743916136725e-01
2.681579932609509664e-01
2.670114189442156505e-01
2.655372519655559982e-01
2.639928865593411111e-01
2.621209284912018322e-01
2.599447772369898879e-01
2.578154249344815074e-01
2.554286783976039144e-01
2.529717334331710865e-01
2.503041931860726099e-01
2.476132534631224624e-01
2.446649195058030746e-01
2.417165855484837422e-01
2.387214526394609015e-01
2.357263197304380609e-01
2.325767502807936926e-01
2.293101834518906923e-01
2.260319168850618010e-01
2.227466304754773530e-01
2.194473043803818746e-01
2.161315986521901988e-01
2.127222950205915342e-01
2.093129913889928972e-01
2.059036877573942603e-01
2.024943841257955957e-01
1.990874204417821258e-01
1.956781168101834889e-01
1.922711531261699913e-01
1.888712092849120228e-01
1.854946649195058084e-01
1.821368401347809862e-01
1.787953949831523892e-01
1.754726694122051844e-01
1.721663234743542048e-01
1.688763571695994226e-01
1.656051104455260325e-01
1.623596031448895638e-01
1.591328154249344873e-01
1.559224073380756359e-01
1.528219767877199708e-01
1.497589853987270903e-01
1.467170535380007690e-01
1.436938412579558400e-01
1.406823287158367741e-01
1.376825159116435993e-01
1.347529015350056314e-01
1.319356046424560169e-01
1.291276675402470986e-01
1.263314301759640712e-01
1.235445526020217122e-01
1.208395731935604789e-01
1.184036877573942520e-01
1.159678023212280251e-01
1.135319168850617705e-01
1.110960314488955436e-01
1.086601460127293167e-01
1.062242605765630898e-01
1.037860351928116820e-01
1.013501497566454551e-01
9.891426432047922823e-02
9.647837888431300135e-02
9.404249344814677447e-02
9.180784350430551410e-02
8.985164732309997015e-02
8.789545114189442621e-02
8.594159490827406322e-02
8.398773867465370024e-02
8.203154249344815629e-02
8.007768625982779331e-02
7.812616997379259742e-02
7.617231374017222056e-02
7.421845750655185758e-02
7.226694122051666169e-02
7.031542493448146580e-02
6.858854361662299060e-02
6.705587794833396675e-02
6.552321228004492903e-02
6.399288655934107228e-02
6.246256083863721553e-02
6.093223511793336572e-02
5.940190939722950897e-02
5.787392362411082625e-02
5.634593785099213659e-02
5.482029202545863483e-02
5.329464619992512614e-02
5.176900037439161745e-02
5.038375140396855745e-02
4.913889928865593920e-02
4.791276675402471319e-02
4.670301385248970538e-02
4.550730063646574869e-02
4.432328715836765520e-02
4.315097341819543880e-02
4.199035941594908561e-02
4.084144515162860950e-02
3.969721078247847451e-02
3.856467615125420967e-02
3.745788094346686609e-02
3.642362411081991741e-02
3.539638712092849082e-02
3.438318981654811535e-02
3.337701235492324808e-02
3.249017222014227019e-02
3.162673156121302565e-02
3.077031074503931360e-02
2.992792961437663879e-02
2.909256832646948954e-02
2.826890677648820696e-02
2.745226506926244994e-02
2.664498315237738904e-02
2.584472107824785023e-02
2.505381879445900406e-02
2.426993635342568345e-02
2.349307375514788493e-02
2.272393298390116417e-02
2.196087607637589242e-02
2.120413702733059055e-02
2.045348184200674116e-02
1.970891052040434424e-02
1.896995507300636499e-02
1.824410333208536378e-02
1.758447210782478412e-02
1.693069075252714648e-02
1.628275926619244043e-02
1.569496443279670694e-02
1.513992886559341333e-02
1.458887120928491210e-02
1.404179146387121019e-02
1.349868962935230239e-02
1.295909771621115737e-02
1.242324971920628907e-02
1.189091164357918527e-02
1.136208348932983905e-02
1.083653126169973994e-02
1.031425496068888101e-02
9.795020591538750043e-03
9.279062149007862720e-03
8.765911643579184231e-03
8.255803070011231981e-03
7.748502433545488566e-03
7.244243728940471388e-03
6.742558966679147378e-03
6.243448146761513065e-03
5.747145263946087587e-03
5.253182328715837006e-03
4.761793335829277857e-03
4.272978285286410140e-03
3.786503182328716018e-03
3.302368026956196360e-03
2.820338824410333328e-03
2.340883564208162161e-03
1.863440658929240009e-03
1.388197304380381879e-03
