-1.270000000000000000e+02
-1.267500000000000000e+02
-1.264899999999999949e+02
-1.262399999999999949e+02
-1.259800000000000040e+02
-1.257300000000000040e+02
-1.254800000000000040e+02
-1.252199999999999989e+02
-1.249699999999999989e+02
-1.247099999999999937e+02
-1.244599999999999937e+02
-1.242099999999999937e+02
-1.239500000000000028e+02
-1.237000000000000028e+02
-1.234399999999999977e+02
-1.231899999999999977e+02
-1.229399999999999977e+02
-1.226800000000000068e+02
-1.224300000000000068e+02
-1.221700000000000017e+02
-1.219200000000000017e+02
-1.216700000000000017e+02
-1.214099999999999966e+02
-1.211599999999999966e+02
-1.209000000000000057e+02
-1.206500000000000057e+02
-1.204000000000000057e+02
-1.201400000000000006e+02
-1.198900000000000006e+02
-1.196299999999999955e+02
-1.193799999999999955e+02
-1.191299999999999955e+02
-1.188700000000000045e+02
-1.186200000000000045e+02
-1.183599999999999994e+02
-1.181099999999999994e+02
-1.178599999999999994e+02
-1.175999999999999943e+02
-1.173499999999999943e+02
-1.170900000000000034e+02
-1.168400000000000034e+02
-1.165900000000000034e+02
-1.163299999999999983e+02
-1.160799999999999983e+02
-1.158199999999999932e+02
-1.155699999999999932e+02
-1.153199999999999932e+02
-1.150600000000000023e+02
-1.148100000000000023e+02
-1.145499999999999972e+02
-1.142999999999999972e+02
-1.140499999999999972e+02
-1.137900000000000063e+02
-1.135400000000000063e+02
-1.132800000000000011e+02
-1.130300000000000011e+02
-1.127800000000000011e+02
-1.125199999999999960e+02
-1.122699999999999960e+02
-1.120100000000000051e+02
-1.117600000000000051e+02
-1.115100000000000051e+02
-1.112500000000000000e+02
-1.110000000000000000e+02
-1.107399999999999949e+02
-1.104899999999999949e+02
-1.102399999999999949e+02
-1.099800000000000040e+02
-1.097300000000000040e+02
-1.094699999999999989e+02
-1.092199999999999989e+02
-1.089699999999999989e+02
-1.087099999999999937e+02
-1.084599999999999937e+02
-1.082000000000000028e+02
-1.079500000000000028e+02
-1.077000000000000028e+02
-1.074399999999999977e+02
-1.071899999999999977e+02
-1.069300000000000068e+02
-1.066800000000000068e+02
-1.064300000000000068e+02
-1.061700000000000017e+02
-1.059200000000000017e+02
-1.056599999999999966e+02
-1.054099999999999966e+02
-1.051599999999999966e+02
-1.049000000000000057e+02
-1.046500000000000057e+02
-1.043900000000000006e+02
-1.041400000000000006e+02
-1.038900000000000006e+02
-1.036299999999999955e+02
-1.033799999999999955e+02
-1.031200000000000045e+02
-1.028700000000000045e+02
-1.026200000000000045e+02
-1.023599999999999994e+02
-1.021099999999999994e+02
-1.018499999999999943e+02
-1.015999999999999943e+02
-1.013499999999999943e+02
-1.010900000000000034e+02
-1.008400000000000034e+02
-1.005799999999999983e+02
-1.003299999999999983e+02
-1.000799999999999983e+02
-9.982200000000000273e+01
-9.956799999999999784e+01
-9.931399999999999295e+01
-9.906000000000000227e+01
-9.880599999999999739e+01
-9.855200000000000671e+01
-9.829800000000000182e+01
-9.804399999999999693e+01
-9.779000000000000625e+01
-9.753600000000000136e+01
-9.728199999999999648e+01
-9.702800000000000580e+01
-9.677400000000000091e+01
-9.651999999999999602e+01
-9.626600000000000534e+01
-9.601200000000000045e+01
-9.575799999999999557e+01
-9.550400000000000489e+01
-9.525000000000000000e+01
-9.499599999999999511e+01
-9.474200000000000443e+01
-9.448799999999999955e+01
-9.423399999999999466e+01
-9.398000000000000398e+01
-9.372599999999999909e+01
-9.347199999999999420e+01
-9.321800000000000352e+01
-9.296399999999999864e+01
-9.270999999999999375e+01
-9.245600000000000307e+01
-9.220199999999999818e+01
-9.194799999999999329e+01
-9.169400000000000261e+01
-9.143999999999999773e+01
-9.118600000000000705e+01
-9.093200000000000216e+01
-9.067799999999999727e+01
-9.042400000000000659e+01
-9.017000000000000171e+01
-8.991599999999999682e+01
-8.966200000000000614e+01
-8.940800000000000125e+01
-8.915399999999999636e+01
-8.890000000000000568e+01
-8.864600000000000080e+01
-8.839199999999999591e+01
-8.813800000000000523e+01
-8.788400000000000034e+01
-8.762999999999999545e+01
-8.737600000000000477e+01
-8.712199999999999989e+01
-8.686799999999999500e+01
-8.661400000000000432e+01
-8.635999999999999943e+01
-8.610599999999999454e+01
-8.585200000000000387e+01
-8.559799999999999898e+01
-8.534399999999999409e+01
-8.509000000000000341e+01
-8.483599999999999852e+01
-8.458199999999999363e+01
-8.432800000000000296e+01
-8.407399999999999807e+01
-8.381999999999999318e+01
-8.356600000000000250e+01
-8.331199999999999761e+01
-8.305800000000000693e+01
-8.280400000000000205e+01
-8.254999999999999716e+01
-8.229600000000000648e+01
-8.204200000000000159e+01
-8.178799999999999670e+01
-8.153400000000000603e+01
-8.128000000000000114e+01
-8.102599999999999625e+01
-8.077200000000000557e+01
-8.051800000000000068e+01
-8.026399999999999579e+01
-8.001000000000000512e+01
-7.975600000000000023e+01
-7.950199999999999534e+01
-7.924800000000000466e+01
-7.899399999999999977e+01
-7.873999999999999488e+01
-7.848600000000000421e+01
-7.823199999999999932e+01
-7.797799999999999443e+01
-7.772400000000000375e+01
-7.746999999999999886e+01
-7.721599999999999397e+01
-7.696200000000000330e+01
-7.670799999999999841e+01
-7.645399999999999352e+01
-7.620000000000000284e+01
-7.594599999999999795e+01
-7.569199999999999307e+01
-7.543800000000000239e+01
-7.518399999999999750e+01
-7.493000000000000682e+01
-7.467600000000000193e+01
-7.442199999999999704e+01
-7.416800000000000637e+01
-7.391400000000000148e+01
-7.365999999999999659e+01
-7.340600000000000591e+01
-7.315200000000000102e+01
-7.289799999999999613e+01
-7.264400000000000546e+01
-7.239000000000000057e+01
-7.213599999999999568e+01
-7.188200000000000500e+01
-7.162800000000000011e+01
-7.137399999999999523e+01
-7.112000000000000455e+01
-7.086599999999999966e+01
-7.061199999999999477e+01
-7.035800000000000409e+01
-7.010399999999999920e+01
-6.984999999999999432e+01
-6.959600000000000364e+01
-6.934199999999999875e+01
-6.908799999999999386e+01
-6.883400000000000318e+01
-6.857999999999999829e+01
-6.832599999999999341e+01
-6.807200000000000273e+01
-6.781799999999999784e+01
-6.756399999999999295e+01
-6.731000000000000227e+01
-6.705599999999999739e+01
-6.680200000000000671e+01
-6.654800000000000182e+01
-6.629399999999999693e+01
-6.604000000000000625e+01
-6.578600000000000136e+01
-6.553199999999999648e+01
-6.527800000000000580e+01
-6.502400000000000091e+01
-6.476999999999999602e+01
-6.451600000000000534e+01
-6.426200000000000045e+01
-6.400799999999999557e+01
-6.375399999999999778e+01
-6.350000000000000000e+01
-6.324600000000000222e+01
-6.299199999999999733e+01
-6.273799999999999955e+01
-6.248400000000000176e+01
-6.222999999999999687e+01
-6.197599999999999909e+01
-6.172200000000000131e+01
-6.146800000000000352e+01
-6.121399999999999864e+01
-6.096000000000000085e+01
-6.070600000000000307e+01
-6.045199999999999818e+01
-6.019800000000000040e+01
-5.994400000000000261e+01
-5.968999999999999773e+01
-5.943599999999999994e+01
-5.918200000000000216e+01
-5.892799999999999727e+01
-5.867399999999999949e+01
-5.842000000000000171e+01
-5.816599999999999682e+01
-5.791199999999999903e+01
-5.765800000000000125e+01
-5.740400000000000347e+01
-5.714999999999999858e+01
-5.689600000000000080e+01
-5.664200000000000301e+01
-5.638799999999999812e+01
-5.613400000000000034e+01
-5.588000000000000256e+01
-5.562599999999999767e+01
-5.537199999999999989e+01
-5.511800000000000210e+01
-5.486399999999999721e+01
-5.460999999999999943e+01
-5.435600000000000165e+01
-5.410199999999999676e+01
-5.384799999999999898e+01
-5.359400000000000119e+01
-5.334000000000000341e+01
-5.308599999999999852e+01
-5.283200000000000074e+01
-5.257800000000000296e+01
-5.232399999999999807e+01
-5.207000000000000028e+01
-5.181600000000000250e+01
-5.156199999999999761e+01
-5.130799999999999983e+01
-5.105400000000000205e+01
-5.079999999999999716e+01
-5.054599999999999937e+01
-5.029200000000000159e+01
-5.003799999999999670e+01
-4.978399999999999892e+01
-4.953000000000000114e+01
-4.927600000000000335e+01
-4.902199999999999847e+01
-4.876800000000000068e+01
-4.851400000000000290e+01
-4.825999999999999801e+01
-4.800600000000000023e+01
-4.775200000000000244e+01
-4.749799999999999756e+01
-4.724399999999999977e+01
-4.699000000000000199e+01
-4.673599999999999710e+01
-4.648199999999999932e+01
-4.622800000000000153e+01
-4.597399999999999665e+01
-4.571999999999999886e+01
-4.546600000000000108e+01
-4.521200000000000330e+01
-4.495799999999999841e+01
-4.470400000000000063e+01
-4.445000000000000284e+01
-4.419599999999999795e+01
-4.394200000000000017e+01
-4.368800000000000239e+01
-4.343399999999999750e+01
-4.317999999999999972e+01
-4.292600000000000193e+01
-4.267199999999999704e+01
-4.241799999999999926e+01
-4.216400000000000148e+01
-4.190999999999999659e+01
-4.165599999999999881e+01
-4.140200000000000102e+01
-4.114800000000000324e+01
-4.089399999999999835e+01
-4.064000000000000057e+01
-4.038600000000000279e+01
-4.013199999999999790e+01
-3.987800000000000011e+01
-3.962400000000000233e+01
-3.936999999999999744e+01
-3.911599999999999966e+01
-3.886200000000000188e+01
-3.860799999999999699e+01
-3.835399999999999920e+01
-3.810000000000000142e+01
-3.784599999999999653e+01
-3.759199999999999875e+01
-3.733800000000000097e+01
-3.708400000000000318e+01
-3.682999999999999829e+01
-3.657600000000000051e+01
-3.632200000000000273e+01
-3.606799999999999784e+01
-3.581400000000000006e+01
-3.556000000000000227e+01
-3.530599999999999739e+01
-3.505199999999999960e+01
-3.479800000000000182e+01
-3.454399999999999693e+01
-3.428999999999999915e+01
-3.403600000000000136e+01
-3.378199999999999648e+01
-3.352799999999999869e+01
-3.327400000000000091e+01
-3.302000000000000313e+01
-3.276599999999999824e+01
-3.251200000000000045e+01
-3.225800000000000267e+01
-3.200399999999999778e+01
-3.175000000000000000e+01
-3.149599999999999866e+01
-3.124200000000000088e+01
-3.098799999999999955e+01
-3.073400000000000176e+01
-3.048000000000000043e+01
-3.022599999999999909e+01
-2.997200000000000131e+01
-2.971799999999999997e+01
-2.946399999999999864e+01
-2.921000000000000085e+01
-2.895599999999999952e+01
-2.870200000000000173e+01
-2.844800000000000040e+01
-2.819399999999999906e+01
-2.794000000000000128e+01
-2.768599999999999994e+01
-2.743199999999999861e+01
-2.717800000000000082e+01
-2.692399999999999949e+01
-2.667000000000000171e+01
-2.641600000000000037e+01
-2.616199999999999903e+01
-2.590800000000000125e+01
-2.565399999999999991e+01
-2.539999999999999858e+01
-2.514600000000000080e+01
-2.489199999999999946e+01
-2.463800000000000168e+01
-2.438400000000000034e+01
-2.412999999999999901e+01
-2.387600000000000122e+01
-2.362199999999999989e+01
-2.336799999999999855e+01
-2.311400000000000077e+01
-2.285999999999999943e+01
-2.260600000000000165e+01
-2.235200000000000031e+01
-2.209799999999999898e+01
-2.184400000000000119e+01
-2.158999999999999986e+01
-2.133599999999999852e+01
-2.108200000000000074e+01
-2.082799999999999940e+01
-2.057400000000000162e+01
-2.032000000000000028e+01
-2.006599999999999895e+01
-1.981200000000000117e+01
-1.955799999999999983e+01
-1.930399999999999849e+01
-1.905000000000000071e+01
-1.879599999999999937e+01
-1.854200000000000159e+01
-1.828800000000000026e+01
-1.803399999999999892e+01
-1.778000000000000114e+01
-1.752599999999999980e+01
-1.727199999999999847e+01
-1.701800000000000068e+01
-1.676399999999999935e+01
-1.651000000000000156e+01
-1.625600000000000023e+01
-1.600199999999999889e+01
-1.574799999999999933e+01
-1.549399999999999977e+01
-1.524000000000000021e+01
-1.498600000000000065e+01
-1.473199999999999932e+01
-1.447799999999999976e+01
-1.422400000000000020e+01
-1.397000000000000064e+01
-1.371599999999999930e+01
-1.346199999999999974e+01
-1.320800000000000018e+01
-1.295400000000000063e+01
-1.269999999999999929e+01
-1.244599999999999973e+01
-1.219200000000000017e+01
-1.193800000000000061e+01
-1.168399999999999928e+01
-1.142999999999999972e+01
-1.117600000000000016e+01
-1.092200000000000060e+01
-1.066799999999999926e+01
-1.041399999999999970e+01
-1.016000000000000014e+01
-9.906000000000000583e+00
-9.651999999999999247e+00
-9.397999999999999687e+00
-9.144000000000000128e+00
-8.890000000000000568e+00
-8.635999999999999233e+00
-8.381999999999999673e+00
-8.128000000000000114e+00
-7.873999999999999666e+00
-7.620000000000000107e+00
-7.365999999999999659e+00
-7.112000000000000099e+00
-6.857999999999999652e+00
-6.604000000000000092e+00
-6.349999999999999645e+00
-6.096000000000000085e+00
-5.841999999999999638e+00
-5.588000000000000078e+00
-5.333999999999999631e+00
-5.080000000000000071e+00
-4.825999999999999623e+00
-4.572000000000000064e+00
-4.317999999999999616e+00
-4.064000000000000057e+00
-3.810000000000000053e+00
-3.556000000000000050e+00
-3.302000000000000046e+00
-3.048000000000000043e+00
-2.794000000000000039e+00
-2.540000000000000036e+00
-2.286000000000000032e+00
-2.032000000000000028e+00
-1.778000000000000025e+00
-1.524000000000000021e+00
-1.270000000000000018e+00
-1.016000000000000014e+00
-7.620000000000000107e-01
-5.080000000000000071e-01
-2.540000000000000036e-01
0.000000000000000000e+00
2.540000000000000036e-01
5.080000000000000071e-01
7.620000000000000107e-01
1.016000000000000014e+00
1.270000000000000018e+00
1.524000000000000021e+00
1.778000000000000025e+00
2.032000000000000028e+00
2.286000000000000032e+00
2.540000000000000036e+00
2.794000000000000039e+00
3.048000000000000043e+00
3.302000000000000046e+00
3.556000000000000050e+00
3.810000000000000053e+00
4.064000000000000057e+00
4.317999999999999616e+00
4.572000000000000064e+00
4.825999999999999623e+00
5.080000000000000071e+00
5.333999999999999631e+00
5.588000000000000078e+00
5.841999999999999638e+00
6.096000000000000085e+00
6.349999999999999645e+00
6.604000000000000092e+00
6.857999999999999652e+00
7.112000000000000099e+00
7.365999999999999659e+00
7.620000000000000107e+00
7.873999999999999666e+00
8.128000000000000114e+00
8.381999999999999673e+00
8.635999999999999233e+00
8.890000000000000568e+00
9.144000000000000128e+00
9.397999999999999687e+00
9.651999999999999247e+00
9.906000000000000583e+00
1.016000000000000014e+01
1.041399999999999970e+01
1.066799999999999926e+01
1.092200000000000060e+01
1.117600000000000016e+01
1.142999999999999972e+01
1.168399999999999928e+01
1.193800000000000061e+01
1.219200000000000017e+01
1.244599999999999973e+01
1.269999999999999929e+01
1.295400000000000063e+01
1.320800000000000018e+01
1.346199999999999974e+01
1.371599999999999930e+01
1.397000000000000064e+01
1.422400000000000020e+01
1.447799999999999976e+01
1.473199999999999932e+01
1.498600000000000065e+01
1.524000000000000021e+01
1.549399999999999977e+01
1.574799999999999933e+01
1.600199999999999889e+01
1.625600000000000023e+01
1.651000000000000156e+01
1.676399999999999935e+01
1.701800000000000068e+01
1.727199999999999847e+01
1.752599999999999980e+01
1.778000000000000114e+01
1.803399999999999892e+01
1.828800000000000026e+01
1.854200000000000159e+01
1.879599999999999937e+01
1.905000000000000071e+01
1.930399999999999849e+01
1.955799999999999983e+01
1.981200000000000117e+01
2.006599999999999895e+01
2.032000000000000028e+01
2.057400000000000162e+01
2.082799999999999940e+01
2.108200000000000074e+01
2.133599999999999852e+01
2.158999999999999986e+01
2.184400000000000119e+01
2.209799999999999898e+01
2.235200000000000031e+01
2.260600000000000165e+01
2.285999999999999943e+01
2.311400000000000077e+01
2.336799999999999855e+01
2.362199999999999989e+01
2.387600000000000122e+01
2.412999999999999901e+01
2.438400000000000034e+01
2.463800000000000168e+01
2.489199999999999946e+01
2.514600000000000080e+01
2.539999999999999858e+01
2.565399999999999991e+01
2.590800000000000125e+01
2.616199999999999903e+01
2.641600000000000037e+01
2.667000000000000171e+01
2.692399999999999949e+01
2.717800000000000082e+01
2.743199999999999861e+01
2.768599999999999994e+01
2.794000000000000128e+01
2.819399999999999906e+01
2.844800000000000040e+01
2.870200000000000173e+01
2.895599999999999952e+01
2.921000000000000085e+01
2.946399999999999864e+01
2.971799999999999997e+01
2.997200000000000131e+01
3.022599999999999909e+01
3.048000000000000043e+01
3.073400000000000176e+01
3.098799999999999955e+01
3.124200000000000088e+01
3.149599999999999866e+01
3.175000000000000000e+01
3.200399999999999778e+01
3.225800000000000267e+01
3.251200000000000045e+01
3.276599999999999824e+01
3.302000000000000313e+01
3.327400000000000091e+01
3.352799999999999869e+01
3.378199999999999648e+01
3.403600000000000136e+01
3.428999999999999915e+01
3.454399999999999693e+01
3.479800000000000182e+01
3.505199999999999960e+01
3.530599999999999739e+01
3.556000000000000227e+01
3.581400000000000006e+01
3.606799999999999784e+01
3.632200000000000273e+01
3.657600000000000051e+01
3.682999999999999829e+01
3.708400000000000318e+01
3.733800000000000097e+01
3.759199999999999875e+01
3.784599999999999653e+01
3.810000000000000142e+01
3.835399999999999920e+01
3.860799999999999699e+01
3.886200000000000188e+01
3.911599999999999966e+01
3.936999999999999744e+01
3.962400000000000233e+01
3.987800000000000011e+01
4.013199999999999790e+01
4.038600000000000279e+01
4.064000000000000057e+01
4.089399999999999835e+01
4.114800000000000324e+01
4.140200000000000102e+01
4.165599999999999881e+01
4.190999999999999659e+01
4.216400000000000148e+01
4.241799999999999926e+01
4.267199999999999704e+01
4.292600000000000193e+01
4.317999999999999972e+01
4.343399999999999750e+01
4.368800000000000239e+01
4.394200000000000017e+01
4.419599999999999795e+01
4.445000000000000284e+01
4.470400000000000063e+01
4.495799999999999841e+01
4.521200000000000330e+01
4.546600000000000108e+01
4.571999999999999886e+01
4.597399999999999665e+01
4.622800000000000153e+01
4.648199999999999932e+01
4.673599999999999710e+01
4.699000000000000199e+01
4.724399999999999977e+01
4.749799999999999756e+01
4.775200000000000244e+01
4.800600000000000023e+01
4.825999999999999801e+01
4.851400000000000290e+01
4.876800000000000068e+01
4.902199999999999847e+01
4.927600000000000335e+01
4.953000000000000114e+01
4.978399999999999892e+01
5.003799999999999670e+01
5.029200000000000159e+01
5.054599999999999937e+01
5.079999999999999716e+01
5.105400000000000205e+01
5.130799999999999983e+01
5.156199999999999761e+01
5.181600000000000250e+01
5.207000000000000028e+01
5.232399999999999807e+01
5.257800000000000296e+01
5.283200000000000074e+01
5.308599999999999852e+01
5.334000000000000341e+01
5.359400000000000119e+01
5.384799999999999898e+01
5.410199999999999676e+01
5.435600000000000165e+01
5.460999999999999943e+01
5.486399999999999721e+01
5.511800000000000210e+01
5.537199999999999989e+01
5.562599999999999767e+01
5.588000000000000256e+01
5.613400000000000034e+01
5.638799999999999812e+01
5.664200000000000301e+01
5.689600000000000080e+01
5.714999999999999858e+01
5.740400000000000347e+01
5.765800000000000125e+01
5.791199999999999903e+01
5.816599999999999682e+01
5.842000000000000171e+01
5.867399999999999949e+01
5.892799999999999727e+01
5.918200000000000216e+01
5.943599999999999994e+01
5.968999999999999773e+01
5.994400000000000261e+01
6.019800000000000040e+01
6.045199999999999818e+01
6.070600000000000307e+01
6.096000000000000085e+01
6.121399999999999864e+01
6.146800000000000352e+01
6.172200000000000131e+01
6.197599999999999909e+01
6.222999999999999687e+01
6.248400000000000176e+01
6.273799999999999955e+01
6.299199999999999733e+01
6.324600000000000222e+01
6.350000000000000000e+01
6.375399999999999778e+01
6.400799999999999557e+01
6.426200000000000045e+01
6.451600000000000534e+01
6.476999999999999602e+01
6.502400000000000091e+01
6.527800000000000580e+01
6.553199999999999648e+01
6.578600000000000136e+01
6.604000000000000625e+01
6.629399999999999693e+01
6.654800000000000182e+01
6.680200000000000671e+01
6.705599999999999739e+01
6.731000000000000227e+01
6.756399999999999295e+01
6.781799999999999784e+01
6.807200000000000273e+01
6.832599999999999341e+01
6.857999999999999829e+01
6.883400000000000318e+01
6.908799999999999386e+01
6.934199999999999875e+01
6.959600000000000364e+01
6.984999999999999432e+01
7.010399999999999920e+01
7.035800000000000409e+01
7.061199999999999477e+01
7.086599999999999966e+01
7.112000000000000455e+01
7.137399999999999523e+01
7.162800000000000011e+01
7.188200000000000500e+01
7.213599999999999568e+01
7.239000000000000057e+01
7.264400000000000546e+01
7.289799999999999613e+01
7.315200000000000102e+01
7.340600000000000591e+01
7.365999999999999659e+01
7.391400000000000148e+01
7.416800000000000637e+01
7.442199999999999704e+01
7.467600000000000193e+01
7.493000000000000682e+01
7.518399999999999750e+01
7.543800000000000239e+01
7.569199999999999307e+01
7.594599999999999795e+01
7.620000000000000284e+01
7.645399999999999352e+01
7.670799999999999841e+01
7.696200000000000330e+01
7.721599999999999397e+01
7.746999999999999886e+01
7.772400000000000375e+01
7.797799999999999443e+01
7.823199999999999932e+01
7.848600000000000421e+01
7.873999999999999488e+01
7.899399999999999977e+01
7.924800000000000466e+01
7.950199999999999534e+01
7.975600000000000023e+01
8.001000000000000512e+01
8.026399999999999579e+01
8.051800000000000068e+01
8.077200000000000557e+01
8.102599999999999625e+01
8.128000000000000114e+01
8.153400000000000603e+01
8.178799999999999670e+01
8.204200000000000159e+01
8.229600000000000648e+01
8.254999999999999716e+01
8.280400000000000205e+01
8.305800000000000693e+01
8.331199999999999761e+01
8.356600000000000250e+01
8.381999999999999318e+01
8.407399999999999807e+01
8.432800000000000296e+01
8.458199999999999363e+01
8.483599999999999852e+01
8.509000000000000341e+01
8.534399999999999409e+01
8.559799999999999898e+01
8.585200000000000387e+01
8.610599999999999454e+01
8.635999999999999943e+01
8.661400000000000432e+01
8.686799999999999500e+01
8.712199999999999989e+01
8.737600000000000477e+01
8.762999999999999545e+01
8.788400000000000034e+01
8.813800000000000523e+01
8.839199999999999591e+01
8.864600000000000080e+01
8.890000000000000568e+01
8.915399999999999636e+01
8.940800000000000125e+01
8.966200000000000614e+01
8.991599999999999682e+01
9.017000000000000171e+01
9.042400000000000659e+01
9.067799999999999727e+01
9.093200000000000216e+01
9.118600000000000705e+01
9.143999999999999773e+01
9.169400000000000261e+01
9.194799999999999329e+01
9.220199999999999818e+01
9.245600000000000307e+01
9.270999999999999375e+01
9.296399999999999864e+01
9.321800000000000352e+01
9.347199999999999420e+01
9.372599999999999909e+01
9.398000000000000398e+01
9.423399999999999466e+01
9.448799999999999955e+01
9.474200000000000443e+01
9.499599999999999511e+01
9.525000000000000000e+01
9.550400000000000489e+01
9.575799999999999557e+01
9.601200000000000045e+01
9.626600000000000534e+01
9.651999999999999602e+01
9.677400000000000091e+01
9.702800000000000580e+01
9.728199999999999648e+01
9.753600000000000136e+01
9.779000000000000625e+01
9.804399999999999693e+01
9.829800000000000182e+01
9.855200000000000671e+01
9.880599999999999739e+01
9.906000000000000227e+01
9.931399999999999295e+01
9.956799999999999784e+01
9.982200000000000273e+01
1.000799999999999983e+02
1.003299999999999983e+02
1.005799999999999983e+02
1.008400000000000034e+02
1.010900000000000034e+02
1.013499999999999943e+02
1.015999999999999943e+02
1.018499999999999943e+02
1.021099999999999994e+02
1.023599999999999994e+02
1.026200000000000045e+02
1.028700000000000045e+02
1.031200000000000045e+02
1.033799999999999955e+02
1.036299999999999955e+02
1.038900000000000006e+02
1.041400000000000006e+02
1.043900000000000006e+02
1.046500000000000057e+02
1.049000000000000057e+02
1.051599999999999966e+02
1.054099999999999966e+02
1.056599999999999966e+02
1.059200000000000017e+02
1.061700000000000017e+02
1.064300000000000068e+02
1.066800000000000068e+02
1.069300000000000068e+02
1.071899999999999977e+02
1.074399999999999977e+02
1.077000000000000028e+02
1.079500000000000028e+02
1.082000000000000028e+02
1.084599999999999937e+02
1.087099999999999937e+02
1.089699999999999989e+02
1.092199999999999989e+02
1.094699999999999989e+02
1.097300000000000040e+02
1.099800000000000040e+02
1.102399999999999949e+02
1.104899999999999949e+02
1.107399999999999949e+02
1.110000000000000000e+02
1.112500000000000000e+02
1.115100000000000051e+02
1.117600000000000051e+02
1.120100000000000051e+02
1.122699999999999960e+02
1.125199999999999960e+02
1.127800000000000011e+02
1.130300000000000011e+02
1.132800000000000011e+02
1.135400000000000063e+02
1.137900000000000063e+02
1.140499999999999972e+02
1.142999999999999972e+02
1.145499999999999972e+02
1.148100000000000023e+02
1.150600000000000023e+02
1.153199999999999932e+02
1.155699999999999932e+02
1.158199999999999932e+02
1.160799999999999983e+02
1.163299999999999983e+02
1.165900000000000034e+02
1.168400000000000034e+02
1.170900000000000034e+02
1.173499999999999943e+02
1.175999999999999943e+02
1.178599999999999994e+02
1.181099999999999994e+02
1.183599999999999994e+02
1.186200000000000045e+02
1.188700000000000045e+02
1.191299999999999955e+02
1.193799999999999955e+02
1.196299999999999955e+02
1.198900000000000006e+02
1.201400000000000006e+02
1.204000000000000057e+02
1.206500000000000057e+02
1.209000000000000057e+02
1.211599999999999966e+02
1.214099999999999966e+02
1.216700000000000017e+02
1.219200000000000017e+02
1.221700000000000017e+02
1.224300000000000068e+02
1.226800000000000068e+02
1.229399999999999977e+02
1.231899999999999977e+02
1.234399999999999977e+02
1.237000000000000028e+02
1.239500000000000028e+02
1.242099999999999937e+02
1.244599999999999937e+02
1.247099999999999937e+02
1.249699999999999989e+02
1.252199999999999989e+02
1.254800000000000040e+02
1.257300000000000040e+02
1.259800000000000040e+02
1.262399999999999949e+02
1.264899999999999949e+02
1.267500000000000000e+02
1.270000000000000000e+02
