"phi_g1_eig_1","Points:0","Points:1","Points:2"
3.7447,0,8.967,0
3.7451,0.01,8.967,0
3.7454,0.02,8.967,0
3.7458,0.03,8.967,0
3.7462,0.04,8.967,0
3.7465,0.05,8.967,0
3.7469,0.06,8.967,0
3.7473,0.07,8.967,0
3.7476,0.08,8.967,0
3.748,0.09,8.967,0
3.7484,0.1,8.967,0
3.7487,0.11,8.967,0
3.7491,0.12,8.967,0
3.7498,0.13,8.967,0
3.7509,0.14,8.967,0
3.752,0.15,8.967,0
3.7531,0.16,8.967,0
3.7542,0.17,8.967,0
3.7553,0.18,8.967,0
3.7564,0.19,8.967,0
3.7575,0.2,8.967,0
3.7586,0.21,8.967,0
3.7597,0.22,8.967,0
3.7608,0.23,8.967,0
3.7619,0.24,8.967,0
3.763,0.25,8.967,0
3.7649,0.26,8.967,0
3.7667,0.27,8.967,0
3.7686,0.28,8.967,0
3.7704,0.29,8.967,0
3.7722,0.3,8.967,0
3.7741,0.31,8.967,0
3.7759,0.32,8.967,0
3.7778,0.33,8.967,0
3.7796,0.34,8.967,0
3.7814,0.35,8.967,0
3.7833,0.36,8.967,0
3.7851,0.37,8.967,0
3.7873,0.38,8.967,0
3.7899,0.39,8.967,0
3.7925,0.4,8.967,0
3.7951,0.41,8.967,0
3.7976,0.42,8.967,0
3.8002,0.43,8.967,0
3.8028,0.44,8.967,0
3.8054,0.45,8.967,0
3.8079,0.46,8.967,0
3.8105,0.47,8.967,0
3.8131,0.48,8.967,0
3.8157,0.49,8.967,0
3.8183,0.5,8.967,0
3.8216,0.51,8.967,0
3.8249,0.52,8.967,0
3.8282,0.53,8.967,0
3.8315,0.54,8.967,0
3.8348,0.55,8.967,0
3.8381,0.56,8.967,0
3.8414,0.57,8.967,0
3.8447,0.58,8.967,0
3.8481,0.59,8.967,0
3.8514,0.6,8.967,0
3.8547,0.61,8.967,0
3.858,0.62,8.967,0
3.8616,0.63,8.967,0
3.8656,0.64,8.967,0
3.8696,0.65,8.967,0
3.8736,0.66,8.967,0
3.8776,0.67,8.967,0
3.8816,0.68,8.967,0
3.8856,0.69,8.967,0
3.8896,0.7,8.967,0
3.8936,0.71,8.967,0
3.8976,0.72,8.967,0
3.9016,0.73,8.967,0
3.9056,0.74,8.967,0
3.9096,0.75,8.967,0
3.9141,0.76,8.967,0
3.9186,0.77,8.967,0
3.9231,0.78,8.967,0
3.9276,0.79,8.967,0
3.9321,0.8,8.967,0
3.9366,0.81,8.967,0
3.9412,0.82,8.967,0
3.9457,0.83,8.967,0
3.9502,0.84,8.967,0
3.9547,0.85,8.967,0
3.9592,0.86,8.967,0
3.9637,0.87,8.967,0
3.9679,0.88,8.967,0
3.972,0.89,8.967,0
3.976,0.9,8.967,0
3.98,0.91,8.967,0
3.984,0.92,8.967,0
3.988,0.93,8.967,0
3.9921,0.94,8.967,0
3.9961,0.95,8.967,0
4.0001,0.96,8.967,0
4.0041,0.97,8.967,0
4.0082,0.98,8.967,0
4.0122,0.99,8.967,0
4.0162,1,8.967,0
4.0209,1.01,8.967,0
4.0256,1.02,8.967,0
4.0303,1.03,8.967,0
4.035,1.04,8.967,0
4.0397,1.05,8.967,0
4.0444,1.06,8.967,0
4.0491,1.07,8.967,0
4.0538,1.08,8.967,0
4.0584,1.09,8.967,0
4.0631,1.1,8.967,0
4.0678,1.11,8.967,0
4.0725,1.12,8.967,0
4.0768,1.13,8.967,0
4.0805,1.14,8.967,0
4.0843,1.15,8.967,0
4.088,1.16,8.967,0
4.0918,1.17,8.967,0
4.0955,1.18,8.967,0
4.0993,1.19,8.967,0
4.103,1.2,8.967,0
4.1068,1.21,8.967,0
4.1105,1.22,8.967,0
4.1143,1.23,8.967,0
4.118,1.24,8.967,0
4.1218,1.25,8.967,0
4.1235,1.26,8.967,0
4.1253,1.27,8.967,0
4.1271,1.28,8.967,0
4.1289,1.29,8.967,0
4.1306,1.3,8.967,0
4.1324,1.31,8.967,0
4.1342,1.32,8.967,0
4.136,1.33,8.967,0
4.1377,1.34,8.967,0
4.1395,1.35,8.967,0
4.1413,1.36,8.967,0
4.1431,1.37,8.967,0
4.1438,1.38,8.967,0
4.1434,1.39,8.967,0
4.143,1.4,8.967,0
4.1427,1.41,8.967,0
4.1423,1.42,8.967,0
4.1419,1.43,8.967,0
4.1416,1.44,8.967,0
4.1412,1.45,8.967,0
4.1408,1.46,8.967,0
4.1404,1.47,8.967,0
4.1401,1.48,8.967,0
4.1397,1.49,8.967,0
4.1393,1.5,8.967,0
4.1368,1.51,8.967,0
4.1343,1.52,8.967,0
4.1318,1.53,8.967,0
4.1292,1.54,8.967,0
4.1267,1.55,8.967,0
4.1242,1.56,8.967,0
4.1216,1.57,8.967,0
4.1191,1.58,8.967,0
4.1166,1.59,8.967,0
4.1141,1.6,8.967,0
4.1115,1.61,8.967,0
4.109,1.62,8.967,0
4.1054,1.63,8.967,0
4.1008,1.64,8.967,0
4.0961,1.65,8.967,0
4.0915,1.66,8.967,0
4.0868,1.67,8.967,0
4.0822,1.68,8.967,0
4.0775,1.69,8.967,0
4.0729,1.7,8.967,0
4.0682,1.71,8.967,0
4.0636,1.72,8.967,0
4.059,1.73,8.967,0
4.0543,1.74,8.967,0
4.0497,1.75,8.967,0
4.0431,1.76,8.967,0
4.0365,1.77,8.967,0
4.0299,1.78,8.967,0
4.0233,1.79,8.967,0
4.0167,1.8,8.967,0
4.0101,1.81,8.967,0
4.0035,1.82,8.967,0
3.997,1.83,8.967,0
3.9904,1.84,8.967,0
3.9838,1.85,8.967,0
3.9772,1.86,8.967,0
3.9706,1.87,8.967,0
3.9635,1.88,8.967,0
3.956,1.89,8.967,0
3.9485,1.9,8.967,0
3.941,1.91,8.967,0
3.9334,1.92,8.967,0
3.9259,1.93,8.967,0
3.9184,1.94,8.967,0
3.9109,1.95,8.967,0
3.9033,1.96,8.967,0
3.8958,1.97,8.967,0
3.8883,1.98,8.967,0
3.8807,1.99,8.967,0
3.8732,2,8.967,0
3.867,2.01,8.967,0
3.8607,2.02,8.967,0
3.8545,2.03,8.967,0
3.8483,2.04,8.967,0
3.842,2.05,8.967,0
3.8358,2.06,8.967,0
3.8296,2.07,8.967,0
3.8233,2.08,8.967,0
3.8171,2.09,8.967,0
3.8109,2.1,8.967,0
3.8046,2.11,8.967,0
3.7984,2.12,8.967,0
3.7919,2.13,8.967,0
3.7852,2.14,8.967,0
3.7785,2.15,8.967,0
3.7718,2.16,8.967,0
3.7651,2.17,8.967,0
3.7584,2.18,8.967,0
3.7517,2.19,8.967,0
3.745,2.2,8.967,0
3.7383,2.21,8.967,0
3.7316,2.22,8.967,0
3.725,2.23,8.967,0
3.7183,2.24,8.967,0
3.7116,2.25,8.967,0
3.7054,2.26,8.967,0
3.6991,2.27,8.967,0
3.6929,2.28,8.967,0
3.6867,2.29,8.967,0
3.6805,2.3,8.967,0
3.6743,2.31,8.967,0
3.6681,2.32,8.967,0
3.6619,2.33,8.967,0
3.6557,2.34,8.967,0
3.6495,2.35,8.967,0
3.6433,2.36,8.967,0
3.637,2.37,8.967,0
3.6312,2.38,8.967,0
3.6256,2.39,8.967,0
3.62,2.4,8.967,0
3.6145,2.41,8.967,0
3.6089,2.42,8.967,0
3.6034,2.43,8.967,0
3.5978,2.44,8.967,0
3.5923,2.45,8.967,0
3.5867,2.46,8.967,0
3.5812,2.47,8.967,0
3.5756,2.48,8.967,0
3.57,2.49,8.967,0
3.5645,2.5,8.967,0
3.5596,2.51,8.967,0
3.5548,2.52,8.967,0
3.5499,2.53,8.967,0
3.545,2.54,8.967,0
3.5402,2.55,8.967,0
3.5353,2.56,8.967,0
3.5304,2.57,8.967,0
3.5256,2.58,8.967,0
3.5207,2.59,8.967,0
3.5158,2.6,8.967,0
3.511,2.61,8.967,0
3.5061,2.62,8.967,0
3.5016,2.63,8.967,0
3.4974,2.64,8.967,0
3.4932,2.65,8.967,0
3.489,2.66,8.967,0
3.4849,2.67,8.967,0
3.4807,2.68,8.967,0
3.4765,2.69,8.967,0
3.4723,2.7,8.967,0
3.4682,2.71,8.967,0
3.464,2.72,8.967,0
3.4598,2.73,8.967,0
3.4556,2.74,8.967,0
3.4515,2.75,8.967,0
3.448,2.76,8.967,0
3.4445,2.77,8.967,0
3.441,2.78,8.967,0
3.4375,2.79,8.967,0
3.434,2.8,8.967,0
3.4305,2.81,8.967,0
3.427,2.82,8.967,0
3.4235,2.83,8.967,0
3.42,2.84,8.967,0
3.4165,2.85,8.967,0
3.413,2.86,8.967,0
3.4095,2.87,8.967,0
3.4064,2.88,8.967,0
3.4035,2.89,8.967,0
3.4007,2.9,8.967,0
3.3979,2.91,8.967,0
3.3951,2.92,8.967,0
3.3922,2.93,8.967,0
3.3894,2.94,8.967,0
3.3866,2.95,8.967,0
3.3838,2.96,8.967,0
3.3809,2.97,8.967,0
3.3781,2.98,8.967,0
3.3753,2.99,8.967,0
3.3725,3,8.967,0
3.3703,3.01,8.967,0
3.3681,3.02,8.967,0
3.366,3.03,8.967,0
3.3638,3.04,8.967,0
3.3616,3.05,8.967,0
3.3595,3.06,8.967,0
3.3573,3.07,8.967,0
3.3551,3.08,8.967,0
3.353,3.09,8.967,0
3.3508,3.1,8.967,0
3.3486,3.11,8.967,0
3.3465,3.12,8.967,0
3.3446,3.13,8.967,0
3.3431,3.14,8.967,0
3.3416,3.15,8.967,0
3.3401,3.16,8.967,0
3.3386,3.17,8.967,0
3.3371,3.18,8.967,0
3.3356,3.19,8.967,0
3.334,3.2,8.967,0
3.3325,3.21,8.967,0
3.331,3.22,8.967,0
3.3295,3.23,8.967,0
3.328,3.24,8.967,0
3.3265,3.25,8.967,0
3.3256,3.26,8.967,0
3.3247,3.27,8.967,0
3.3239,3.28,8.967,0
3.323,3.29,8.967,0
3.3222,3.3,8.967,0
3.3213,3.31,8.967,0
3.3204,3.32,8.967,0
3.3196,3.33,8.967,0
3.3187,3.34,8.967,0
3.3178,3.35,8.967,0
3.317,3.36,8.967,0
3.3161,3.37,8.967,0
3.3156,3.38,8.967,0
3.3153,3.39,8.967,0
3.3151,3.4,8.967,0
3.3149,3.41,8.967,0
3.3147,3.42,8.967,0
3.3145,3.43,8.967,0
3.3142,3.44,8.967,0
3.314,3.45,8.967,0
3.3138,3.46,8.967,0
3.3136,3.47,8.967,0
3.3134,3.48,8.967,0
3.3131,3.49,8.967,0
3.3129,3.5,8.967,0
3.3133,3.51,8.967,0
3.3137,3.52,8.967,0
3.3141,3.53,8.967,0
3.3146,3.54,8.967,0
3.315,3.55,8.967,0
3.3154,3.56,8.967,0
3.3158,3.57,8.967,0
3.3162,3.58,8.967,0
3.3166,3.59,8.967,0
3.317,3.6,8.967,0
3.3174,3.61,8.967,0
3.3178,3.62,8.967,0
3.3185,3.63,8.967,0
3.3195,3.64,8.967,0
3.3205,3.65,8.967,0
3.3215,3.66,8.967,0
3.3225,3.67,8.967,0
3.3235,3.68,8.967,0
3.3245,3.69,8.967,0
3.3255,3.7,8.967,0
3.3265,3.71,8.967,0
3.3274,3.72,8.967,0
3.3284,3.73,8.967,0
3.3294,3.74,8.967,0
3.3304,3.75,8.967,0
3.3318,3.76,8.967,0
3.3333,3.77,8.967,0
3.3347,3.78,8.967,0
3.3361,3.79,8.967,0
3.3375,3.8,8.967,0
3.3389,3.81,8.967,0
3.3403,3.82,8.967,0
3.3418,3.83,8.967,0
3.3432,3.84,8.967,0
3.3446,3.85,8.967,0
3.346,3.86,8.967,0
3.3474,3.87,8.967,0
3.3487,3.88,8.967,0
3.3497,3.89,8.967,0
3.3507,3.9,8.967,0
3.3517,3.91,8.967,0
3.3527,3.92,8.967,0
3.3537,3.93,8.967,0
3.3547,3.94,8.967,0
3.3557,3.95,8.967,0
3.3567,3.96,8.967,0
3.3577,3.97,8.967,0
3.3587,3.98,8.967,0
3.3597,3.99,8.967,0
3.3608,4,8.967,0
3.3617,4.01,8.967,0
3.3626,4.02,8.967,0
3.3635,4.03,8.967,0
3.3645,4.04,8.967,0
3.3654,4.05,8.967,0
3.3663,4.06,8.967,0
3.3673,4.07,8.967,0
3.3682,4.08,8.967,0
3.3691,4.09,8.967,0
3.3701,4.1,8.967,0
3.371,4.11,8.967,0
3.3719,4.12,8.967,0
3.3725,4.13,8.967,0
3.3727,4.14,8.967,0
3.3728,4.15,8.967,0
3.373,4.16,8.967,0
3.3732,4.17,8.967,0
3.3733,4.18,8.967,0
3.3735,4.19,8.967,0
3.3737,4.2,8.967,0
3.3739,4.21,8.967,0
3.374,4.22,8.967,0
3.3742,4.23,8.967,0
3.3744,4.24,8.967,0
3.3745,4.25,8.967,0
3.3731,4.26,8.967,0
3.3716,4.27,8.967,0
3.3702,4.28,8.967,0
3.3687,4.29,8.967,0
3.3673,4.3,8.967,0
3.3658,4.31,8.967,0
3.3644,4.32,8.967,0
3.3629,4.33,8.967,0
3.3615,4.34,8.967,0
3.36,4.35,8.967,0
3.3586,4.36,8.967,0
3.3571,4.37,8.967,0
3.3548,4.38,8.967,0
3.3516,4.39,8.967,0
3.3484,4.4,8.967,0
3.3452,4.41,8.967,0
3.3421,4.42,8.967,0
3.3389,4.43,8.967,0
3.3357,4.44,8.967,0
3.3325,4.45,8.967,0
3.3293,4.46,8.967,0
3.3261,4.47,8.967,0
3.3229,4.48,8.967,0
3.3197,4.49,8.967,0
3.3165,4.5,8.967,0
3.3116,4.51,8.967,0
3.3067,4.52,8.967,0
3.3018,4.53,8.967,0
3.2969,4.54,8.967,0
3.292,4.55,8.967,0
3.287,4.56,8.967,0
3.2821,4.57,8.967,0
3.2772,4.58,8.967,0
3.2723,4.59,8.967,0
3.2674,4.6,8.967,0
3.2624,4.61,8.967,0
3.2575,4.62,8.967,0
3.2518,4.63,8.967,0
3.2452,4.64,8.967,0
3.2386,4.65,8.967,0
3.232,4.66,8.967,0
3.2254,4.67,8.967,0
3.2188,4.68,8.967,0
3.2122,4.69,8.967,0
3.2056,4.7,8.967,0
3.199,4.71,8.967,0
3.1924,4.72,8.967,0
3.1858,4.73,8.967,0
3.1792,4.74,8.967,0
3.1726,4.75,8.967,0
3.1645,4.76,8.967,0
3.1564,4.77,8.967,0
3.1483,4.78,8.967,0
3.1402,4.79,8.967,0
3.1321,4.8,8.967,0
3.124,4.81,8.967,0
3.1159,4.82,8.967,0
3.1077,4.83,8.967,0
3.0996,4.84,8.967,0
3.0915,4.85,8.967,0
3.0834,4.86,8.967,0
3.0753,4.87,8.967,0
3.0668,4.88,8.967,0
3.058,4.89,8.967,0
3.0491,4.9,8.967,0
3.0402,4.91,8.967,0
3.0314,4.92,8.967,0
3.0225,4.93,8.967,0
3.0136,4.94,8.967,0
3.0048,4.95,8.967,0
2.9959,4.96,8.967,0
2.9871,4.97,8.967,0
2.9782,4.98,8.967,0
2.9693,4.99,8.967,0
2.9605,5,8.967,0
2.9533,5.01,8.967,0
2.9461,5.02,8.967,0
2.9389,5.03,8.967,0
2.9317,5.04,8.967,0
2.9244,5.05,8.967,0
2.9172,5.06,8.967,0
2.91,5.07,8.967,0
2.9028,5.08,8.967,0
2.8956,5.09,8.967,0
2.8884,5.1,8.967,0
2.8812,5.11,8.967,0
2.874,5.12,8.967,0
2.8666,5.13,8.967,0
2.8591,5.14,8.967,0
2.8515,5.15,8.967,0
2.8439,5.16,8.967,0
2.8364,5.17,8.967,0
2.8288,5.18,8.967,0
2.8213,5.19,8.967,0
2.8137,5.2,8.967,0
2.8062,5.21,8.967,0
2.7986,5.22,8.967,0
2.7911,5.23,8.967,0
2.7835,5.24,8.967,0
2.776,5.25,8.967,0
2.7688,5.26,8.967,0
2.7616,5.27,8.967,0
2.7544,5.28,8.967,0
2.7472,5.29,8.967,0
2.74,5.3,8.967,0
2.7329,5.31,8.967,0
2.7257,5.32,8.967,0
2.7185,5.33,8.967,0
2.7113,5.34,8.967,0
2.7041,5.35,8.967,0
2.6969,5.36,8.967,0
2.6898,5.37,8.967,0
2.6828,5.38,8.967,0
2.6761,5.39,8.967,0
2.6694,5.4,8.967,0
2.6627,5.41,8.967,0
2.6561,5.42,8.967,0
2.6494,5.43,8.967,0
2.6427,5.44,8.967,0
2.636,5.45,8.967,0
2.6293,5.46,8.967,0
2.6226,5.47,8.967,0
2.6159,5.48,8.967,0
2.6092,5.49,8.967,0
2.6025,5.5,8.967,0
2.5963,5.51,8.967,0
2.5902,5.52,8.967,0
2.584,5.53,8.967,0
2.5778,5.54,8.967,0
2.5716,5.55,8.967,0
2.5654,5.56,8.967,0
2.5592,5.57,8.967,0
2.5531,5.58,8.967,0
2.5469,5.59,8.967,0
2.5407,5.6,8.967,0
2.5345,5.61,8.967,0
2.5283,5.62,8.967,0
2.5224,5.63,8.967,0
2.5167,5.64,8.967,0
2.5111,5.65,8.967,0
2.5054,5.66,8.967,0
2.4997,5.67,8.967,0
2.494,5.68,8.967,0
2.4883,5.69,8.967,0
2.4827,5.7,8.967,0
2.477,5.71,8.967,0
2.4713,5.72,8.967,0
2.4656,5.73,8.967,0
2.46,5.74,8.967,0
2.4543,5.75,8.967,0
2.4491,5.76,8.967,0
2.4439,5.77,8.967,0
2.4387,5.78,8.967,0
2.4335,5.79,8.967,0
2.4283,5.8,8.967,0
2.4232,5.81,8.967,0
2.418,5.82,8.967,0
2.4128,5.83,8.967,0
2.4076,5.84,8.967,0
2.4024,5.85,8.967,0
2.3972,5.86,8.967,0
2.392,5.87,8.967,0
2.3871,5.88,8.967,0
2.3823,5.89,8.967,0
2.3776,5.9,8.967,0
2.3729,5.91,8.967,0
2.3682,5.92,8.967,0
2.3635,5.93,8.967,0
2.3588,5.94,8.967,0
2.354,5.95,8.967,0
2.3493,5.96,8.967,0
2.3446,5.97,8.967,0
2.3399,5.98,8.967,0
2.3352,5.99,8.967,0
2.3305,6,8.967,0
2.3262,6.01,8.967,0
2.3219,6.02,8.967,0
2.3177,6.03,8.967,0
2.3134,6.04,8.967,0
2.3092,6.05,8.967,0
2.3049,6.06,8.967,0
2.3006,6.07,8.967,0
2.2964,6.08,8.967,0
2.2921,6.09,8.967,0
2.2879,6.1,8.967,0
2.2836,6.11,8.967,0
2.2793,6.12,8.967,0
2.2753,6.13,8.967,0
2.2715,6.14,8.967,0
2.2677,6.15,8.967,0
2.2639,6.16,8.967,0
2.26,6.17,8.967,0
2.2562,6.18,8.967,0
2.2524,6.19,8.967,0
2.2486,6.2,8.967,0
2.2448,6.21,8.967,0
2.241,6.22,8.967,0
2.2371,6.23,8.967,0
2.2333,6.24,8.967,0
2.2295,6.25,8.967,0
2.2261,6.26,8.967,0
2.2227,6.27,8.967,0
2.2194,6.28,8.967,0
2.216,6.29,8.967,0
2.2126,6.3,8.967,0
2.2092,6.31,8.967,0
2.2058,6.32,8.967,0
2.2024,6.33,8.967,0
2.199,6.34,8.967,0
2.1957,6.35,8.967,0
2.1923,6.36,8.967,0
2.1889,6.37,8.967,0
2.1857,6.38,8.967,0
2.1828,6.39,8.967,0
2.1798,6.4,8.967,0
2.1768,6.41,8.967,0
2.1739,6.42,8.967,0
2.1709,6.43,8.967,0
2.1679,6.44,8.967,0
2.165,6.45,8.967,0
2.162,6.46,8.967,0
2.159,6.47,8.967,0
2.1561,6.48,8.967,0
2.1531,6.49,8.967,0
2.1501,6.5,8.967,0
2.1476,6.51,8.967,0
2.145,6.52,8.967,0
2.1424,6.53,8.967,0
2.1399,6.54,8.967,0
2.1373,6.55,8.967,0
2.1348,6.56,8.967,0
2.1322,6.57,8.967,0
2.1296,6.58,8.967,0
2.1271,6.59,8.967,0
2.1245,6.6,8.967,0
2.1219,6.61,8.967,0
2.1194,6.62,8.967,0
2.117,6.63,8.967,0
2.1148,6.64,8.967,0
2.1126,6.65,8.967,0
2.1104,6.66,8.967,0
2.1082,6.67,8.967,0
2.106,6.68,8.967,0
2.1038,6.69,8.967,0
2.1016,6.7,8.967,0
2.0994,6.71,8.967,0
2.0972,6.72,8.967,0
2.095,6.73,8.967,0
2.0928,6.74,8.967,0
2.0906,6.75,8.967,0
2.0887,6.76,8.967,0
2.0868,6.77,8.967,0
2.0848,6.78,8.967,0
2.0829,6.79,8.967,0
2.081,6.8,8.967,0
2.079,6.81,8.967,0
2.0771,6.82,8.967,0
2.0751,6.83,8.967,0
2.0732,6.84,8.967,0
2.0713,6.85,8.967,0
2.0693,6.86,8.967,0
2.0674,6.87,8.967,0
2.0654,6.88,8.967,0
2.0632,6.89,8.967,0
2.061,6.9,8.967,0
2.0588,6.91,8.967,0
2.0566,6.92,8.967,0
2.0544,6.93,8.967,0
2.0522,6.94,8.967,0
2.05,6.95,8.967,0
2.0479,6.96,8.967,0
2.0457,6.97,8.967,0
2.0435,6.98,8.967,0
2.0413,6.99,8.967,0
2.0391,7,8.967,0
2.0361,7.01,8.967,0
2.0331,7.02,8.967,0
2.0301,7.03,8.967,0
2.0271,7.04,8.967,0
2.0241,7.05,8.967,0
2.0211,7.06,8.967,0
2.0181,7.07,8.967,0
2.0152,7.08,8.967,0
2.0122,7.09,8.967,0
2.0092,7.1,8.967,0
2.0062,7.11,8.967,0
2.0032,7.12,8.967,0
2,7.13,8.967,0
1.9966,7.14,8.967,0
1.9931,7.15,8.967,0
1.9897,7.16,8.967,0
1.9863,7.17,8.967,0
1.9829,7.18,8.967,0
1.9795,7.19,8.967,0
1.976,7.2,8.967,0
1.9726,7.21,8.967,0
1.9692,7.22,8.967,0
1.9658,7.23,8.967,0
1.9624,7.24,8.967,0
1.9589,7.25,8.967,0
1.9546,7.26,8.967,0
1.9502,7.27,8.967,0
1.9459,7.28,8.967,0
1.9415,7.29,8.967,0
1.9371,7.3,8.967,0
1.9328,7.31,8.967,0
1.9284,7.32,8.967,0
1.924,7.33,8.967,0
1.9197,7.34,8.967,0
1.9153,7.35,8.967,0
1.911,7.36,8.967,0
1.9066,7.37,8.967,0
1.9017,7.38,8.967,0
1.8964,7.39,8.967,0
1.891,7.4,8.967,0
1.8857,7.41,8.967,0
1.8803,7.42,8.967,0
1.875,7.43,8.967,0
1.8696,7.44,8.967,0
1.8643,7.45,8.967,0
1.8589,7.46,8.967,0
1.8536,7.47,8.967,0
1.8482,7.48,8.967,0
1.8429,7.49,8.967,0
1.8375,7.5,8.967,0
1.8312,7.51,8.967,0
1.8249,7.52,8.967,0
1.8186,7.53,8.967,0
1.8123,7.54,8.967,0
1.806,7.55,8.967,0
1.7997,7.56,8.967,0
1.7934,7.57,8.967,0
1.7871,7.58,8.967,0
1.7808,7.59,8.967,0
1.7745,7.6,8.967,0
1.7681,7.61,8.967,0
1.7618,7.62,8.967,0
1.7551,7.63,8.967,0
1.7479,7.64,8.967,0
1.7407,7.65,8.967,0
1.7335,7.66,8.967,0
1.7263,7.67,8.967,0
1.719,7.68,8.967,0
1.7118,7.69,8.967,0
1.7046,7.7,8.967,0
1.6974,7.71,8.967,0
1.6902,7.72,8.967,0
1.683,7.73,8.967,0
1.6758,7.74,8.967,0
1.6686,7.75,8.967,0
1.6606,7.76,8.967,0
1.6526,7.77,8.967,0
1.6446,7.78,8.967,0
1.6366,7.79,8.967,0
1.6286,7.8,8.967,0
1.6206,7.81,8.967,0
1.6126,7.82,8.967,0
1.6046,7.83,8.967,0
1.5966,7.84,8.967,0
1.5886,7.85,8.967,0
1.5806,7.86,8.967,0
1.5726,7.87,8.967,0
1.5644,7.88,8.967,0
1.556,7.89,8.967,0
1.5476,7.9,8.967,0
1.5391,7.91,8.967,0
1.5307,7.92,8.967,0
1.5223,7.93,8.967,0
1.5139,7.94,8.967,0
1.5055,7.95,8.967,0
1.4971,7.96,8.967,0
1.4886,7.97,8.967,0
1.4802,7.98,8.967,0
1.4718,7.99,8.967,0
1.4634,8,8.967,0
1.4567,8.01,8.967,0
1.4499,8.02,8.967,0
1.4432,8.03,8.967,0
1.4365,8.04,8.967,0
1.4297,8.05,8.967,0
1.423,8.06,8.967,0
1.4163,8.07,8.967,0
1.4095,8.08,8.967,0
1.4028,8.09,8.967,0
1.3961,8.1,8.967,0
1.3893,8.11,8.967,0
1.3826,8.12,8.967,0
1.3758,8.13,8.967,0
1.3689,8.14,8.967,0
1.362,8.15,8.967,0
1.3551,8.16,8.967,0
1.3482,8.17,8.967,0
1.3413,8.18,8.967,0
1.3344,8.19,8.967,0
1.3275,8.2,8.967,0
1.3206,8.21,8.967,0
1.3137,8.22,8.967,0
1.3068,8.23,8.967,0
1.2999,8.24,8.967,0
1.293,8.25,8.967,0
1.2863,8.26,8.967,0
1.2796,8.27,8.967,0
1.2729,8.28,8.967,0
1.2661,8.29,8.967,0
1.2594,8.3,8.967,0
1.2527,8.31,8.967,0
1.246,8.32,8.967,0
1.2393,8.33,8.967,0
1.2326,8.34,8.967,0
1.2258,8.35,8.967,0
1.2191,8.36,8.967,0
1.2124,8.37,8.967,0
1.2058,8.38,8.967,0
1.1993,8.39,8.967,0
1.1928,8.4,8.967,0
1.1863,8.41,8.967,0
1.1798,8.42,8.967,0
1.1734,8.43,8.967,0
1.1669,8.44,8.967,0
1.1604,8.45,8.967,0
1.1539,8.46,8.967,0
1.1474,8.47,8.967,0
1.1409,8.48,8.967,0
1.1344,8.49,8.967,0
1.1279,8.5,8.967,0
1.1217,8.51,8.967,0
1.1154,8.52,8.967,0
1.1091,8.53,8.967,0
1.1029,8.54,8.967,0
1.0966,8.55,8.967,0
1.0903,8.56,8.967,0
1.0841,8.57,8.967,0
1.0778,8.58,8.967,0
1.0715,8.59,8.967,0
1.0653,8.6,8.967,0
1.059,8.61,8.967,0
1.0527,8.62,8.967,0
1.0466,8.63,8.967,0
1.0405,8.64,8.967,0
1.0345,8.65,8.967,0
1.0284,8.66,8.967,0
1.0223,8.67,8.967,0
1.0163,8.68,8.967,0
1.0102,8.69,8.967,0
1.0042,8.7,8.967,0
0.99809,8.71,8.967,0
0.99203,8.72,8.967,0
0.98597,8.73,8.967,0
0.97991,8.74,8.967,0
0.97385,8.75,8.967,0
0.96797,8.76,8.967,0
0.96209,8.77,8.967,0
0.95622,8.78,8.967,0
0.95034,8.79,8.967,0
0.94446,8.8,8.967,0
0.93858,8.81,8.967,0
0.93271,8.82,8.967,0
0.92683,8.83,8.967,0
0.92095,8.84,8.967,0
0.91507,8.85,8.967,0
0.9092,8.86,8.967,0
0.90332,8.87,8.967,0
0.89752,8.88,8.967,0
0.8918,8.89,8.967,0
0.88607,8.9,8.967,0
0.88035,8.91,8.967,0
0.87463,8.92,8.967,0
0.86891,8.93,8.967,0
0.86319,8.94,8.967,0
0.85746,8.95,8.967,0
0.85174,8.96,8.967,0
0.84602,8.97,8.967,0
0.8403,8.98,8.967,0
0.83458,8.99,8.967,0
0.82886,9,8.967,0
0.82326,9.01,8.967,0
0.81767,9.02,8.967,0
0.81207,9.03,8.967,0
0.80648,9.04,8.967,0
0.80088,9.05,8.967,0
0.79529,9.06,8.967,0
0.78969,9.07,8.967,0
0.7841,9.08,8.967,0
0.7785,9.09,8.967,0
0.77291,9.1,8.967,0
0.76731,9.11,8.967,0
0.76172,9.12,8.967,0
0.75617,9.13,8.967,0
0.75067,9.14,8.967,0
0.74517,9.15,8.967,0
0.73967,9.16,8.967,0
0.73417,9.17,8.967,0
0.72867,9.18,8.967,0
0.72317,9.19,8.967,0
0.71767,9.2,8.967,0
0.71217,9.21,8.967,0
0.70667,9.22,8.967,0
0.70117,9.23,8.967,0
0.69567,9.24,8.967,0
0.69017,9.25,8.967,0
0.68473,9.26,8.967,0
0.67929,9.27,8.967,0
0.67384,9.28,8.967,0
0.6684,9.29,8.967,0
0.66296,9.3,8.967,0
0.65752,9.31,8.967,0
0.65208,9.32,8.967,0
0.64664,9.33,8.967,0
0.6412,9.34,8.967,0
0.63575,9.35,8.967,0
0.63031,9.36,8.967,0
0.62487,9.37,8.967,0
0.61944,9.38,8.967,0
0.61401,9.39,8.967,0
0.60859,9.4,8.967,0
0.60316,9.41,8.967,0
0.59774,9.42,8.967,0
0.59231,9.43,8.967,0
0.58688,9.44,8.967,0
0.58146,9.45,8.967,0
0.57603,9.46,8.967,0
0.57061,9.47,8.967,0
0.56518,9.48,8.967,0
0.55975,9.49,8.967,0
0.55433,9.5,8.967,0
0.54887,9.51,8.967,0
0.5434,9.52,8.967,0
0.53794,9.53,8.967,0
0.53248,9.54,8.967,0
0.52702,9.55,8.967,0
0.52156,9.56,8.967,0
0.51609,9.57,8.967,0
0.51063,9.58,8.967,0
0.50517,9.59,8.967,0
0.49971,9.6,8.967,0
0.49425,9.61,8.967,0
0.48878,9.62,8.967,0
0.48327,9.63,8.967,0
0.47771,9.64,8.967,0
0.47215,9.65,8.967,0
0.46658,9.66,8.967,0
0.46102,9.67,8.967,0
0.45546,9.68,8.967,0
0.4499,9.69,8.967,0
0.44433,9.7,8.967,0
0.43877,9.71,8.967,0
0.43321,9.72,8.967,0
0.42765,9.73,8.967,0
0.42208,9.74,8.967,0
0.41652,9.75,8.967,0
0.41078,9.76,8.967,0
0.40503,9.77,8.967,0
0.39929,9.78,8.967,0
0.39355,9.79,8.967,0
0.3878,9.8,8.967,0
0.38206,9.81,8.967,0
0.37632,9.82,8.967,0
0.37057,9.83,8.967,0
0.36483,9.84,8.967,0
0.35909,9.85,8.967,0
0.35334,9.86,8.967,0
0.3476,9.87,8.967,0
0.34171,9.88,8.967,0
0.33569,9.89,8.967,0
0.32966,9.9,8.967,0
0.32363,9.91,8.967,0
0.3176,9.92,8.967,0
0.31157,9.93,8.967,0
0.30555,9.94,8.967,0
0.29952,9.95,8.967,0
0.29349,9.96,8.967,0
0.28746,9.97,8.967,0
0.28143,9.98,8.967,0
0.27541,9.99,8.967,0
0.26938,10,8.967,0
