1.000000000000000000e+00
9.621582804772030872e-01
9.211822421236397496e-01
8.813214967501069586e-01
8.431295667856585352e-01
8.066904323498742535e-01
7.720028341124607341e-01
7.390333332556217050e-01
7.077297297271865073e-01
6.780281125922543728e-01
6.498576772143174196e-01
6.231441526160591549e-01
5.978122285899210020e-01
5.737872501684974091e-01
5.509963737948045948e-01
5.293693285024588802e-01
5.088388910857873926e-01
4.893411543798901198e-01
4.708156464106679207e-01
4.532053466348265336e-01
4.364566289398630339e-01
4.205191565340413162e-01
4.053457458663606294e-01
3.908922114765190914e-01
3.771172017248755615e-01
3.639820311324105662e-01
3.514505140906873382e-01
3.394888027918143703e-01
3.280652316284087266e-01
3.171501690335618573e-01
3.067158775308068130e-01
2.967363822440874932e-01
2.871873482077302309e-01
2.780459654864168573e-01
2.692908427151599615e-01
2.609019081492798819e-01
2.528603179043831251e-01
2.451483709763426777e-01
2.377494305612797287e-01
2.306478512655465163e-01
2.238289117557107910e-01
2.172787522185410936e-01
2.109843170409934909e-01
2.049333010401991340e-01
1.991141001634524343e-01
1.935157656382007485e-01
1.881279614020341939e-01
1.829409248126766252e-01
1.779454300679770284e-01
1.731327542159016575e-01
1.684946456345266241e-01
1.640232947420311449e-01
1.597113067666911801e-01
1.555516762768733019e-01
1.515377636910296144e-01
1.476632731476921478e-01
1.439222320754683926e-01
1.403089719530368207e-01
1.368181106291424809e-01
1.334445354225934077e-01
1.301833876622568165e-01
1.270300481170557327e-01
1.239801233259657520e-01
1.210294328180122614e-01
1.181739971922674409e-01
1.154100271278478279e-01
1.127339124239116752e-01
1.101422126096568699e-01
1.076316476243186354e-01
1.051990890071676094e-01
1.028415518975078213e-01
1.005561872746750657e-01
9.834027498403510870e-02
9.619121678498218642e-02
9.410653009293748483e-02
9.208384198534776133e-02
9.012088358468400839e-02
8.821548474044026145e-02
8.636556904713241223e-02
8.456914913129710831e-02
8.282432221349071699e-02
8.112926592728834929e-02
7.948223435028294037e-02
7.788155426308436546e-02
7.632562169731868518e-02
7.481289849262728886e-02
7.334190922266613233e-02
7.191123819910517911e-02
7.051952665362763717e-02
6.916547007592933893e-02
6.784781568771822147e-02
6.656536005771369890e-02
6.531694683564615023e-02
6.410146460825648373e-02
6.291784485929552417e-02
6.176506007152375577e-02
6.064212183971070397e-02
5.954807920263466281e-02
5.848201694308224896e-02
5.744305404884805094e-02
5.643034222273428380e-02
