1.000000000000000000e+00
1.000049667175006540e+00
1.000016103775677845e+00
1.000016103775677845e+00
1.000016103775677845e+00
1.000016103775677845e+00
1.000016103775677845e+00
1.000016103775677845e+00
1.000016103775677845e+00
1.000016103775677845e+00
1.000016103775677845e+00
1.000016103775677845e+00
1.000016103775677845e+00
1.000529619469407550e+00
1.001044449619111099e+00
1.001567334672653242e+00
1.002101332749973039e+00
1.002647976291040299e+00
1.003208173839836403e+00
1.003782584548348344e+00
1.004371778544564275e+00
1.005292689062146083e+00
1.006369690056606148e+00
1.007530909625381721e+00
1.008747010097059915e+00
1.010006418039871567e+00
1.011305021397899351e+00
1.012641867323162526e+00
1.014017365471652443e+00
1.015432538475349311e+00
1.016888711294225756e+00
1.018734149761317154e+00
1.020782383024352091e+00
1.022953492076929871e+00
1.025215264687694638e+00
1.027555663584886592e+00
1.029971225568575566e+00
1.032462189526756280e+00
1.035030451379391092e+00
1.037678710550425709e+00
1.040410116575797295e+00
1.043527732833445354e+00
1.046877698710445781e+00
1.050390433112191158e+00
1.054038883247222058e+00
1.057814392363711997e+00
1.061716311293673609e+00
1.065747591765048075e+00
1.069912924281741340e+00
1.074217958955640428e+00
1.078668990594620070e+00
1.083440724843185210e+00
1.088455308238893471e+00
1.093674338574512905e+00
1.099085559034288728e+00
1.104688572962228443e+00
1.110488454310230910e+00
1.116493003806139805e+00
1.122711588417768080e+00
1.129154669816906376e+00
1.135833634027327177e+00
1.142705572729888486e+00
1.149810148715797009e+00
1.157163157192736769e+00
1.164778756200424592e+00
1.172671164306576586e+00
1.180855198078895940e+00
1.189346554861068661e+00
1.198161993420759908e+00
1.207319478405610491e+00
1.216838311695233710e+00
1.226360219120795403e+00
1.236081200534375979e+00
1.246096616654067679e+00
1.256461333198773289e+00
1.267212698543745963e+00
1.278380954016380855e+00
1.289994084456118184e+00
1.302080146670397065e+00
1.314668454306630707e+00
1.327790250004194705e+00
1.340662676482746285e+00
1.353673275902534279e+00
1.367024616131507386e+00
1.380829882447402124e+00
1.395160998752779768e+00
1.410071650678566657e+00
1.425608391431831823e+00
1.441816112819677809e+00
1.458740856889182647e+00
1.476431384143372050e+00
1.493557358640852595e+00
1.510727873841442470e+00
1.528281818522363444e+00
1.546411852471762716e+00
1.565239465263210672e+00
1.584852799702944015e+00
1.605325703693485817e+00
1.626727504985449713e+00
1.649128214713435625e+00
1.672601492955970048e+00
