1.000000000000000000e+00
1.000049189606015965e+00
1.000015948931680887e+00
1.000015948931680887e+00
1.000015948931680887e+00
1.000015948931680887e+00
1.000015948931680887e+00
1.000015948931680887e+00
1.000015948931680887e+00
1.000015948931680887e+00
1.000015948931680887e+00
1.000015948931680887e+00
1.000015948931680887e+00
1.000524526974509332e+00
1.001034406834311996e+00
1.001552264146954530e+00
1.002081127627377333e+00
1.002622514980549662e+00
1.003177326014453419e+00
1.003746213543075694e+00
1.004329742212405119e+00
1.005241797821163852e+00
1.006308443036831202e+00
1.007458497032829969e+00
1.008662904230742008e+00
1.009910202481795860e+00
1.011196319269073385e+00
1.012520310906593668e+00
1.013882583111348046e+00
1.015284148682316978e+00
1.016726319839473591e+00
1.018554013705919914e+00
1.020582552418348721e+00
1.022732785422344026e+00
1.024972810219543673e+00
1.027290705281185712e+00
1.029683040707339181e+00
1.032150053088998876e+00
1.034693620116127644e+00
1.037316415256671620e+00
1.040021557762568660e+00
1.043109196940815941e+00
1.046426951607460687e+00
1.049905909716881691e+00
1.053519278600614228e+00
1.057258484744830085e+00
1.061122885223542145e+00
1.065115403382691728e+00
1.069240684625186066e+00
1.073504324734913196e+00
1.077912557992748654e+00
1.082638410181231636e+00
1.087604776428904074e+00
1.092773623780527226e+00
1.098132813274343533e+00
1.103681952068360728e+00
1.109426065326478694e+00
1.115372878769542497e+00
1.121531669298366340e+00
1.127912797991743821e+00
1.134527541392449157e+00
1.141333403761331855e+00
1.148369666516606769e+00
1.155651972988960496e+00
1.163194345083112813e+00
1.171010864649782768e+00
1.179116205789675798e+00
1.187525914910481539e+00
1.196256589637867851e+00
1.205326021882479504e+00
1.214753327928933313e+00
1.224183678552326349e+00
1.233811188990776131e+00
1.243730303032394069e+00
1.253995358841092589e+00
1.264643345673132968e+00
1.275704214073915654e+00
1.287205679797886360e+00
1.299175529875489454e+00
1.311642796092143737e+00
1.324638420677231476e+00
1.337387073824258366e+00
1.350272571326548432e+00
1.363495533284089234e+00
1.377168056654638706e+00
1.391361373764772313e+00
1.406128654037426706e+00
1.421516003052679666e+00
1.437567880965642253e+00
1.454329887111402098e+00
1.471850313141993549e+00
1.488811614807767469e+00
1.505817028900659160e+00
1.523202185651955975e+00
1.541157892351841863e+00
1.559804470404910548e+00
1.579229215090415694e+00
1.599505264234894586e+00
1.620701278975974269e+00
1.642886597264267889e+00
1.666134170908316392e+00
