1.000000000000000000e+00
1.000845387565008737e+00
1.002119034517318541e+00
1.007517354260033970e+00
1.015412362290125436e+00
1.030024818831752231e+00
1.049749786035184318e+00
1.077003136606228928e+00
1.111811980268766931e+00
1.152833671240611757e+00
1.202914860219232995e+00
1.255724518518407606e+00
1.317204943238715398e+00
1.375956977838481698e+00
1.440299084208410907e+00
1.495562222898776383e+00
1.551058379572496593e+00
1.592927038875576295e+00
1.629922966651173422e+00
1.653837541744305861e+00
1.671305184104624031e+00
1.682663740190487811e+00
1.690838151560572822e+00
1.697312527537315319e+00
1.702872982793238732e+00
1.707936763558068227e+00
1.712725481143525519e+00
1.717356971416477140e+00
1.721894017325909632e+00
1.726370192526629488e+00
1.730803571561223109e+00
1.735204000641100475e+00
1.739576956007045538e+00
1.743925588939508664e+00
1.748251812228764246e+00
1.752556875914991430e+00
1.756841672318317116e+00
1.761106899388841684e+00
1.765353145736649365e+00
1.769580937601815451e+00
1.773790762284409794e+00
1.777983082114498403e+00
1.782158340942145092e+00
1.786316968097410696e+00
1.790459381030355956e+00
1.794585985751038226e+00
1.798697178479514269e+00
1.802793345535839364e+00
1.806874864000068026e+00
1.810942101932252468e+00
1.814995418702444407e+00
1.819035165210693528e+00
1.823061684107049718e+00
1.827075310011559761e+00
1.831076369514271551e+00
1.835065181615230134e+00
1.839042058164479965e+00
1.843007303202065517e+00
1.846961214058028045e+00
1.850904081132410228e+00
1.854836187675251935e+00
1.858757810886592754e+00
1.862669221146472376e+00
1.866570682784927548e+00
1.870462453751995380e+00
1.874344786387712514e+00
1.878217927092113992e+00
1.882082116325233923e+00
1.885937589487106436e+00
1.889784576147764295e+00
1.893623300817239397e+00
1.897453982945563000e+00
1.901276836702766371e+00
1.905092071748879068e+00
1.908899892573930668e+00
1.912700499267949494e+00
1.916494087410963498e+00
1.920280847963000692e+00
1.924060967814086975e+00
1.927834629454248994e+00
1.931602011193511936e+00
1.935363287711901137e+00
1.939118629289440676e+00
1.942868202796154575e+00
1.946612171142065861e+00
1.950350693607198149e+00
1.954083926171573005e+00
1.957812021075212794e+00
1.961535127368138287e+00
1.965253390800370425e+00
1.968966953601929859e+00
1.972675955362836131e+00
1.976380532373109622e+00
1.980080817842768237e+00
1.983776942341831440e+00
1.987469033140317309e+00
1.991157215418243753e+00
1.994841611055627961e+00
1.998522339512487589e+00
2.002199517718838973e+00
2.005873259964698452e+00
2.009543678450082194e+00
2.013210882405005897e+00
2.016874979189484662e+00
2.020536073633533380e+00
2.024194268587167667e+00
2.027849664590401169e+00
2.031502359873247343e+00
2.035152450905721722e+00
2.038800031957836545e+00
2.042445195539605685e+00
2.046088032071041063e+00
2.049728629992156215e+00
2.053367076202963215e+00
2.057003455513474854e+00
2.060637851303702028e+00
2.064270344863657236e+00
2.067901016273351544e+00
2.071529943742795865e+00
2.075157203832001862e+00
2.078782871670980192e+00
2.082407020959741395e+00
2.086029723748294540e+00
2.089651050766651252e+00
2.093271071204821254e+00
2.096889853042813723e+00
2.100507462940638614e+00
2.104123966018303982e+00
2.107739426405821348e+00
2.111353906803198122e+00
2.114967468700443831e+00
2.118580172597565703e+00
2.122192077564573953e+00
2.125803241681476052e+00
2.129413722038280277e+00
2.133023574294994340e+00
2.136632853451626790e+00
2.140241613188184733e+00
2.143849906524675664e+00
2.147457784941107839e+00
2.151065299587487267e+00
2.154672500183822059e+00
2.158279435900118504e+00
2.161886154696384565e+00
2.165492703872625491e+00
2.169099129848849117e+00
2.172705478055061867e+00
2.176311793481270129e+00
2.179918119797479292e+00
2.183524500343696939e+00
2.187130977579927915e+00
2.190737593086179213e+00
2.194344387782455996e+00
2.197951401928763371e+00
2.201558675125108611e+00
2.205166246201496705e+00
2.208774153437932597e+00
2.212382434454421620e+00
2.215991125990969923e+00
2.219600264677581869e+00
2.223209885934263053e+00
2.226820025181018181e+00
2.230430716737852759e+00
2.234041994814770948e+00
2.237653892741778172e+00
2.241266443518878937e+00
2.244879679486077695e+00
2.248493632543378418e+00
2.252108334040787252e+00
2.255723814998306764e+00
2.259340105775943019e+00
2.262957236293699381e+00
2.266575236031579621e+00
2.270194134029588362e+00
2.273813958997730200e+00
2.277434738986008789e+00
2.281056501824427762e+00
2.284679274792991599e+00
2.288303085061703435e+00
2.291927958920568109e+00
2.295553922659588686e+00
2.299181002238768645e+00
2.302809222848112292e+00
2.306438609677622154e+00
2.310069187367303378e+00
2.313700980557158005e+00
2.317334013007190663e+00
2.320968308697403781e+00
2.324603890837800613e+00
2.328240782638385298e+00
2.331879006759161044e+00
2.335518585860129726e+00
2.339159541941296716e+00
2.342801897112663401e+00
2.346445672714233766e+00
2.350090890306010039e+00
2.353737571007996188e+00
2.357385735500194368e+00
2.361035404462607623e+00
2.364686598135239848e+00
2.368339336538092255e+00
