1.000000000000000000e+00
1.000147981395863139e+00
1.000865817162691407e+00
1.001925817090081772e+00
1.002985817017471470e+00
1.004045816944861835e+00
1.004045816944861835e+00
1.004045816944861835e+00
1.003449622211701087e+00
1.003356131066104995e+00
1.003479378211662665e+00
1.003697633044712267e+00
1.003959092202802328e+00
1.004241731537441673e+00
1.004536209163269911e+00
1.004838587604556688e+00
1.005147232871414609e+00
1.005461494441888037e+00
1.005781141977991622e+00
1.006106125977730414e+00
1.006436475803101471e+00
1.007438573234457957e+00
1.008742702487125165e+00
1.010194044105708011e+00
1.011727085748694854e+00
1.013314319781969397e+00
1.014944459432304713e+00
1.016613157109998777e+00
1.018319047111145181e+00
1.020062057355749063e+00
1.021842689011775995e+00
1.023661709519172902e+00
1.025520022315878688e+00
1.027418611823825323e+00
1.029358521188941333e+00
1.031340843695152332e+00
1.033366720220379786e+00
1.035437339872542273e+00
1.037553940837555144e+00
1.039717812711329792e+00
1.041930299255774628e+00
1.045012863950618875e+00
1.048537008185215003e+00
1.052306717090990107e+00
1.056238391335670546e+00
1.060297454357624458e+00
1.064470673859758687e+00
1.068754172680339121e+00
1.073148233097346083e+00
1.077655043268629598e+00
1.082277722349976212e+00
1.087019899675137236e+00
1.091885538371840658e+00
1.096878863917797986e+00
1.102004339654703013e+00
1.107597428423576336e+00
1.112677389777599002e+00
1.118205826182900875e+00
1.123912618069985880e+00
1.129776017844343006e+00
1.135802710289514517e+00
1.142442355218698857e+00
1.149489645379959235e+00
1.156836564130695244e+00
1.164438206057982983e+00
1.172278907224895139e+00
1.180356484349580848e+00
1.188675135137753358e+00
1.197242247682906102e+00
1.206066974024412097e+00
1.215159604429567164e+00
1.224531305361605593e+00
1.234194025245709314e+00
1.244160480053007500e+00
1.254444176090574015e+00
1.265059454309427567e+00
1.276021546272524176e+00
1.287346640192755354e+00
1.299051953966941175e+00
1.311155816477826530e+00
1.323677756846073805e+00
1.336023837608367293e+00
1.348488731430522058e+00
1.361218458178535817e+00
1.374293112930921934e+00
1.387761729588321558e+00
1.401658959124361559e+00
1.416013162791098789e+00
1.430850383832748651e+00
1.446196336363551271e+00
1.462077440669695250e+00
1.478521403983284133e+00
1.495557585652305566e+00
1.513217264790617467e+00
1.531533871887929887e+00
1.550543210031790187e+00
1.570283684821567771e+00
1.590796550924436392e+00
1.612126181421356774e+00
1.634320366091055243e+00
1.657430642766001272e+00
