1.000000000000000000e+00
1.000159244732424790e+00
1.000409063902210072e+00
1.000714258768723663e+00
1.001054470899604976e+00
1.001417877158240488e+00
1.001797622936841936e+00
1.002189748753281595e+00
1.002591982469581477e+00
1.003003036588429930e+00
1.003422197946620464e+00
1.003849088884614105e+00
1.004283529051359869e+00
1.004725453945207736e+00
1.005174867528175753e+00
1.005631815759670200e+00
1.006096369480569797e+00
1.006568616013747031e+00
1.007048652983321579e+00
1.007536585778966876e+00
1.008032525971105153e+00
1.009253188636874521e+00
1.010904592529554114e+00
1.012827832683518947e+00
1.014931092980873251e+00
1.017161307739755882e+00
1.019487996364684124e+00
1.021893862746108272e+00
1.024369318800908202e+00
1.026909293938677914e+00
1.029511376241450504e+00
1.032174726870813686e+00
1.034899449156191364e+00
1.037686219651746899e+00
1.040536073553496088e+00
1.043450281718274475e+00
1.046430278079570453e+00
1.049477618759502962e+00
1.052593960673924078e+00
1.055781047903077807e+00
1.059040707729581809e+00
1.063273493966737426e+00
1.068144041616262641e+00
1.073451505376708859e+00
1.079079440276533353e+00
1.084961099469385459e+00
1.091059057417987255e+00
1.097353248720815744e+00
1.103833939334011749e+00
1.110497592918952225e+00
1.117344441966842350e+00
1.124377057510284494e+00
1.131599511711193662e+00
1.139016889106276631e+00
1.146635002926558622e+00
1.154460237250591437e+00
1.162499455878044374e+00
1.170759963184968555e+00
1.179249484789149260e+00
1.187976169451875119e+00
1.196948598111338580e+00
1.206697038832944546e+00
1.217062235457809338e+00
1.227932337370251981e+00
1.239244180972839171e+00
1.250964755208544776e+00
1.263079549424829029e+00
1.275585548050688578e+00
1.288487023884620886e+00
1.301793016191039376e+00
1.315515829570963025e+00
1.329670147896351295e+00
1.344272524160690985e+00
1.359341098383324731e+00
1.374895459414272825e+00
1.390956594378882638e+00
1.407546896126425029e+00
1.424690209664941865e+00
1.442411904903891262e+00
1.460738971108656692e+00
1.479700129421849475e+00
1.498768254926040600e+00
1.518150099340360715e+00
1.537971012667604720e+00
1.558320854581270343e+00
1.579268328213624173e+00
1.600869539065078229e+00
1.623173421225310165e+00
1.646225219353004476e+00
1.670068756059410298e+00
1.694747943021937875e+00
1.720307822360920946e+00
1.746795319423003701e+00
1.774259821552701677e+00
1.802753657496560358e+00
1.832332523716270423e+00
1.863055891842582579e+00
1.894987414861370789e+00
1.928195351049542428e+00
1.962753016595953248e+00
1.998739276574652113e+00
2.033708234911864920e+00
2.068353485458102270e+00
2.103174288259475055e+00
2.138526946786034166e+00
2.174673335042979438e+00
2.211813672966867372e+00
2.250108503104527813e+00
2.289693510302993840e+00
2.330689602984604036e+00
2.373209854602216673e+00
2.417364369947982983e+00
2.463263784407478063e+00
2.511021873820079353e+00
2.560757591114611209e+00
2.612596751117797211e+00
2.666673511715004441e+00
2.723131757862303548e+00
2.782126464679087974e+00
2.843825099685409974e+00
2.908409108400188181e+00
2.970452668912269445e+00
3.031160691855458555e+00
3.091485553285245214e+00
3.152143543391975111e+00
3.213683301483758026e+00
3.276536222520444408e+00
3.341052533187634843e+00
3.407527216488637212e+00
3.476218771423393417e+00
3.547362918242038088e+00
3.621182741527480431e+00
3.697896337206752371e+00
3.777722714531233539e+00
3.860886506123434536e+00
3.947621869772143022e+00
4.038175876591587610e+00
4.132811595214580080e+00
4.231811040960105075e+00
4.335478107568025763e+00
4.444141601629287841e+00
4.548492380498320387e+00
4.650154713158642927e+00
4.750479390155348369e+00
4.850533907141265644e+00
4.951171579742128515e+00
5.053085887702334134e+00
5.156851781931846013e+00
5.262957166224338401e+00
5.371826998370073269e+00
5.483841853001777622e+00
5.599352328759286124e+00
5.718690350183088356e+00
5.842178150401124981e+00
5.970135539846682882e+00
6.102885918541193000e+00
6.240761381074946712e+00
6.384107192894834526e+00
6.533285844082490357e+00
6.688680860815439111e+00
6.850700503197562519e+00
7.006779378944761660e+00
7.158750624635686677e+00
7.308112196480735179e+00
7.456084704371603422e+00
7.603669974942094179e+00
7.751697344576737869e+00
7.900860454511779096e+00
8.051746555503775937e+00
8.204859884368666201e+00
8.360640359317505599e+00
8.519478568428382914e+00
8.681727827334473346e+00
8.847713928323560850e+00
9.017743055657250650e+00
9.192108269333880699e+00
9.371094851593850805e+00
9.554984777660527229e+00
9.744060494078908619e+00
9.938608167253295989e+00
1.013892053245504066e+01
1.033329583249738981e+01
1.052340359100683287e+01
1.071047201116145509e+01
1.089551138452537060e+01
1.107935789527622816e+01
1.126270578228103680e+01
1.144613352153625740e+01
1.163012521916224351e+01
1.181508809848205210e+01
1.200136679989464561e+01
1.218925507611755421e+01
1.237900536125232698e+01
1.257083660908208600e+01
1.276494070551815696e+01
1.296148772873336696e+01
1.316063026316555806e+01
1.336250694140301754e+01
1.356724535357341743e+01
1.377496444547394638e+01
1.398577649292403535e+01
