1.000000000000000000e+00
1.000163785839423003e+00
1.000420728984757535e+00
1.000734626949471240e+00
1.001084540749380247e+00
1.001458310093055859e+00
1.001848884903088432e+00
1.002252192786665219e+00
1.002665896812319657e+00
1.003088672767785905e+00
1.003519787152918230e+00
1.003958851538638841e+00
1.004405680430910719e+00
1.004860207488720736e+00
1.005322436787069673e+00
1.005792415595966771e+00
1.006270216776426807e+00
1.006755930141467248e+00
1.007249656099108881e+00
1.007751503044372665e+00
1.008261585729282261e+00
1.009517057457112843e+00
1.011215553656455546e+00
1.013193637943656578e+00
1.015356875923850488e+00
1.017650688666130954e+00
1.020043726374236126e+00
1.022518199713610798e+00
1.025064247182286170e+00
1.027676653594218559e+00
1.030352938251913431e+00
1.033092238396198459e+00
1.035894660303094073e+00
1.038760899819740180e+00
1.041692021662349088e+00
1.044689332928182113e+00
1.047754308441533500e+00
1.050888548699723035e+00
1.054093757868091785e+00
1.057371729761998003e+00
1.060724343771816791e+00
1.065077834379600574e+00
1.070087273141436368e+00
1.075546087345052637e+00
1.081334511412522126e+00
1.087383895109128140e+00
1.093655745651181288e+00
1.100129425441558118e+00
1.106794922855257379e+00
1.113648600709553627e+00
1.120690698125494711e+00
1.127923859452607758e+00
1.135352272976730692e+00
1.142981168227907629e+00
1.150816524210333203e+00
1.158864907054319771e+00
1.167133376291277225e+00
1.175629444592706907e+00
1.184361057884195656e+00
1.193336597301418944e+00
1.202564888481139294e+00
1.212591320893320113e+00
1.223252096946236600e+00
1.234432176432904482e+00
1.246066594549345208e+00
1.258121398877774411e+00
1.270581664972211033e+00
1.283444291268034831e+00
1.296713672409124385e+00
1.310399105428337041e+00
1.324513245811201223e+00
1.339071196162733957e+00
1.354089981510337326e+00
1.369588259163738275e+00
1.385586176578962325e+00
1.402105319361321545e+00
1.419168718926418160e+00
1.436800900259151970e+00
1.455027956730735372e+00
1.473877647246714773e+00
1.493379511976992369e+00
1.512991394231250952e+00
1.532925941569973638e+00
1.553312078542919972e+00
1.574242227309554654e+00
1.595787050176994626e+00
1.618004252579769542e+00
1.640944164037934527e+00
1.664653319430786649e+00
1.689176791038331071e+00
1.714559742746590842e+00
1.740848501120821901e+00
1.768091329655666621e+00
1.796339024051273547e+00
1.825645405288395473e+00
1.856067758098477238e+00
1.887667250036739741e+00
1.920509349251262821e+00
1.954664260508072182e+00
1.990207390719234581e+00
2.027219853916954584e+00
2.063186005561632008e+00
2.098819218392791619e+00
2.134632989620024901e+00
2.170993783251548237e+00
2.208170941030172418e+00
2.246370392470040667e+00
2.285757258234142331e+00
2.326471092430359544e+00
2.368636251369536705e+00
2.412369032966908744e+00
2.457782681821101711e+00
2.504990988254849782e+00
2.554110972599531237e+00
2.605264979908590295e+00
2.658582412810879703e+00
2.714201254908968686e+00
2.772269494258421396e+00
2.832946525331086374e+00
2.896404591239373438e+00
2.962830311698567698e+00
3.026643139190732690e+00
3.089082344218461618e+00
3.151127461296455934e+00
3.213515206724903539e+00
3.276809865100542840e+00
3.341455133270021083e+00
3.407811225168303704e+00
3.476181535690008317e+00
3.546831935329252339e+00
3.620004866259471932e+00
3.695929774661509182e+00
3.774830975801180433e+00
3.856933724313488465e+00
3.942469058563593087e+00
4.031677813707609914e+00
4.124814106470309660e+00
4.222148507288750352e+00
4.323971073579881086e+00
4.430594365078148300e+00
4.542356564797117358e+00
4.649683065656878611e+00
4.754244455154199578e+00
4.857430043691648436e+00
4.960337768192582431e+00
5.063845277882347951e+00
5.168665828140445839e+00
5.275390765481020594e+00
5.384521907020331177e+00
5.496496328869700854e+00
5.611705458329333318e+00
5.730509891895271046e+00
5.853251019443720615e+00
5.980260263072897153e+00
6.111866553099518207e+00
6.248402511791037561e+00
6.390209703922696605e+00
6.537643240713442161e+00
6.691075949203763251e+00
6.850902292406468419e+00
7.017542172586450633e+00
7.178071876088680803e+00
7.334376814183844573e+00
7.487997659593751187e+00
7.640189829767226826e+00
7.791983719956126819e+00
7.944232316339873812e+00
8.097649040395001663e+00
8.252837889231180668e+00
8.410317478748027042e+00
8.570540272096939916e+00
8.733907995572177896e+00
8.900784040142342590e+00
9.071503488560381356e+00
9.246381256400210802e+00
9.425718760714049793e+00
9.609809419001521746e+00
9.798943247440570659e+00
9.993410746971232328e+00
1.019350624447031350e+01
1.039953082300296217e+01
1.059944903188662302e+01
1.079497800376635475e+01
1.098738096591154445e+01
1.117769701989478648e+01
1.136678619496391462e+01
1.155536252726857782e+01
1.174402098893265212e+01
1.193325949110261419e+01
1.212349686969713858e+01
1.231508759306304945e+01
1.250833379072570750e+01
1.270349509533098420e+01
1.290079670446387006e+01
1.310043597595580245e+01
1.330258783801872369e+01
1.350740922626899021e+01
1.371504272661508672e+01
1.392561956761223385e+01
1.413926208697887432e+01
1.435608576225107313e+01
