1.000000000000000000e+00
9.947205656412902997e-01
9.894411312825807103e-01
9.840919367402598539e-01
9.786573208701299098e-01
9.729168400000001160e-01
9.669649207272728031e-01
9.607693254025975182e-01
9.544849681038961586e-01
9.477798010779220350e-01
9.410143675974026456e-01
9.342489341168831452e-01
9.274543422727272723e-01
9.205045761688311901e-01
9.135102316623376906e-01
9.064118274025974031e-01
8.992157795714285085e-01
8.918962827142856709e-01
8.845764750649349750e-01
8.772564454545453971e-01
8.698294111038962217e-01
8.623618088441559193e-01
8.548300156623376278e-01
8.472867789220778212e-01
8.395602585844155197e-01
8.318504718181818358e-01
8.242352969090910308e-01
8.166092320000000182e-01
8.089567643636363936e-01
8.013202411038961026e-01
7.937045334415584463e-01
7.860676714545453692e-01
7.784152038181817446e-01
7.707891004545454061e-01
7.631733927922077498e-01
7.554945366883116797e-01
7.478053332727272462e-01
7.401528656363636216e-01
7.325108662857141573e-01
7.249319185974025803e-01
7.173531222727271839e-01
7.097747073376622362e-01
7.022119464415583767e-01
6.946702914805195084e-01
6.872335612077922207e-01
6.798767716233766745e-01
6.725725077922077855e-01
6.652897709090908052e-01
6.580070340259740469e-01
6.507242971428570666e-01
6.434780540909090796e-01
6.362320771818181786e-01
6.289861002727272776e-01
6.218219420129869057e-01
6.148721759090909345e-01
6.079531372077922047e-01
6.010768910519479480e-01
5.941386257792207193e-01
5.871515669480518174e-01
5.803976815194804573e-01
5.737430607142857131e-01
5.671198826363635925e-01
5.605025545584414459e-01
5.539581581558441492e-01
5.474101618701299188e-01
5.408295937662337405e-01
5.343285047792207809e-01
5.280441474805195323e-01
5.217595717272727196e-01
5.154746816753246197e-01
5.092917961038960772e-01
5.031917714285714105e-01
4.970662534935064159e-01
4.909294688441557808e-01
4.850396447792206800e-01
4.791985381818180123e-01
4.733215184285712862e-01
4.674699571038960499e-01
4.618137158831167044e-01
4.561671864805194598e-01
4.505482379870130449e-01
4.449886358441558221e-01
4.395172599999999097e-01
4.340458841558439973e-01
4.285745083116883070e-01
4.232806487012986674e-01
4.180681909350649761e-01
4.128861460389610105e-01
4.077104482467532875e-01
4.027138970909089899e-01
3.977230646753245891e-01
3.927322322597401882e-01
3.877693825974024566e-01
3.828893628571428120e-01
3.780677339480519317e-01
3.733358196103896409e-01
3.686832869090909126e-01
3.640994779740258647e-01
3.595654942077920468e-01
3.550552052207790465e-01
