1.000000000000000000e+00
9.949207065541261219e-01
9.898414131082524658e-01
9.846927118029270565e-01
9.794590205906401614e-01
9.739210091510805967e-01
9.681726271796438077e-01
9.621817998433900287e-01
9.561026588259083914e-01
9.496048333828068788e-01
9.430470458611930340e-01
9.364892583395791892e-01
9.299024597187915964e-01
9.231612705466465396e-01
9.163757281153515066e-01
9.094866514851188688e-01
9.025004244328084235e-01
8.953913718344530537e-01
8.882820100135475627e-01
8.811724273526185813e-01
8.739563803794109242e-01
8.666999703855420289e-01
8.593796936661711738e-01
8.520480311841086563e-01
8.445340107793779527e-01
8.370366394330888138e-01
8.296334021062802266e-01
8.222193297794715416e-01
8.147789880724973788e-01
8.073545102149921604e-01
7.999507428256097397e-01
7.925259279515753930e-01
7.850855862446014521e-01
7.776714756574623078e-01
7.702677082680797760e-01
7.628011113686619105e-01
7.553242194167055779e-01
7.478838777097317481e-01
7.404539514183420268e-01
7.330867583465511261e-01
7.257197158739338017e-01
7.183530528647165125e-01
7.110019648336576292e-01
7.036718761420320822e-01
6.964461822160497029e-01
6.893000252375290904e-01
6.822061287306732114e-01
6.751336504499092506e-01
6.680611721691455118e-01
6.609886938883817731e-01
6.539525251265082550e-01
6.469166211633358143e-01
6.398807172001634846e-01
6.329262186608398677e-01
6.261850294886949220e-01
6.194744125302451554e-01
6.128063719932829168e-01
6.060766255673006864e-01
5.992983320149901649e-01
5.927520342218296490e-01
5.863044997155640869e-01
5.798882491349184320e-01
5.734778190088181127e-01
5.671399522162479112e-01
5.607985037217887436e-01
5.544246479132800554e-01
5.481298698119728696e-01
5.420507287944913433e-01
5.359713704257700329e-01
5.298916993457145619e-01
5.239135175720346371e-01
5.180177782050842117e-01
5.120966743322307169e-01
5.061643606476887713e-01
5.004777602718836205e-01
4.948396313157951143e-01
4.891657705834374648e-01
4.835172397017291623e-01
4.780630424587455907e-01
4.726185079843574499e-01
4.672014151215393984e-01
4.618433688803268988e-01
4.565731033504484282e-01
4.513028378205701241e-01
4.460325722906918755e-01
4.409389264479445791e-01
4.359262713289281388e-01
4.309438754796873217e-01
4.259677946782623459e-01
4.211699557322091669e-01
4.163778066438892367e-01
4.115856575555693619e-01
4.068213498934596384e-01
4.021394538204879909e-01
3.975156536754976266e-01
3.929811149980396157e-01
3.885255570395897973e-01
3.841383757576452007e-01
3.798007680022651988e-01
3.754867353555036980e-01
