9.960400000000000365e-01
9.960400000000000365e-01
9.960400000000000365e-01
9.960400000000000365e-01
9.960400000000001475e-01
9.960400000000000365e-01
9.960400000000001475e-01
9.960921052631578343e-01
9.963526315789473786e-01
9.966131578947368119e-01
9.968736842105262452e-01
9.970886666666666232e-01
9.972353333333332515e-01
9.973819999999998798e-01
9.975286666666665081e-01
9.976753333333331364e-01
9.978219999999999867e-01
9.979686666666665040e-01
9.981153333333330213e-01
9.982619999999998717e-01
9.984086666666666110e-01
9.985553333333333503e-01
9.987019999999998676e-01
9.988486666666666070e-01
9.989953333333331242e-01
9.991419999999998636e-01
9.992886666666666029e-01
9.994353333333333422e-01
9.995819999999997485e-01
9.997286666666663768e-01
9.998753333333332272e-01
1.000021999999999966e+00
1.000168666666666484e+00
1.000315333333333223e+00
1.000461999999999740e+00
1.000608666666666480e+00
1.000755333333333219e+00
1.000901999999999736e+00
1.002754782608695328e+00
1.007166739130434641e+00
1.011578695652173954e+00
1.015990652173913045e+00
1.020402608695652136e+00
1.024814565217391227e+00
1.029226521739130318e+00
1.033638478260869631e+00
1.038050434782608722e+00
1.042808965517241226e+00
1.048953793103448273e+00
1.055098620689655320e+00
1.061243448275862145e+00
1.067388275862069191e+00
1.073533103448276016e+00
1.079677931034482841e+00
1.085822758620689665e+00
1.091967586206896712e+00
1.099660000000000082e+00
1.108900000000000219e+00
1.118140000000000134e+00
1.126791854838709916e+00
1.134855564516129123e+00
1.142919274193548551e+00
1.150982983870967979e+00
1.159046693548387186e+00
1.167110403225806614e+00
1.175174112903225820e+00
1.183237822580645249e+00
1.191301532258064677e+00
1.199365241935483883e+00
1.207428951612903312e+00
1.215492661290322740e+00
1.224292115384615354e+00
1.239713269230769299e+00
1.255134423076923023e+00
1.270555576923076746e+00
1.285976730769230914e+00
1.301397884615384637e+00
1.314507368421052647e+00
1.327360000000000095e+00
1.340212631578947322e+00
1.353065263157894771e+00
1.365917894736841998e+00
1.379728000000000065e+00
1.397367999999999943e+00
1.415008000000000044e+00
1.432647999999999699e+00
1.450288000000000022e+00
1.467927999999999900e+00
1.486852786885246136e+00
1.506328196721311352e+00
1.525803606557377012e+00
1.545279016393442673e+00
1.564754426229508333e+00
1.584229836065573771e+00
1.606701886792452960e+00
1.631171698113207835e+00
1.655641509433962488e+00
1.680111320754716697e+00
1.704581132075471572e+00
1.729702000000000073e+00
1.756342000000000070e+00
1.782982000000000067e+00
1.809622000000000064e+00
1.836262000000000061e+00
1.862901999999999836e+00
1.894630000000000258e+00
1.927630000000000177e+00
1.960630000000000095e+00
1.993630000000000457e+00
2.026630000000000376e+00
2.060425473684211362e+00
2.101380210526316183e+00
2.142334947368421449e+00
2.183289684210526715e+00
2.224244421052632426e+00
2.265199157894737692e+00
2.306153894736842069e+00
2.347108631578947335e+00
2.388063368421052157e+00
2.429018105263157423e+00
2.476975789473684131e+00
2.529602105263157874e+00
2.582228421052632061e+00
2.634854736842105805e+00
2.687481052631579104e+00
2.740107368421052847e+00
2.795547368421053669e+00
2.851300000000000612e+00
2.907052631578947999e+00
2.962805263157894942e+00
3.018557894736842329e+00
3.077407391304347595e+00
3.148644347826087042e+00
3.219881304347826045e+00
3.291118260869565493e+00
3.362355217391304052e+00
3.449810000000000709e+00
3.548076666666668100e+00
3.646343333333334602e+00
3.744610000000001548e+00
3.842876666666668939e+00
3.942301999999999751e+00
4.046361999999998460e+00
4.150421999999998945e+00
4.254481999999999431e+00
4.358541999999999028e+00
4.470965384615384508e+00
4.586973076923076320e+00
4.702980769230768132e+00
4.818988461538461721e+00
4.944451176470588294e+00
5.072277647058824002e+00
5.200104117647057933e+00
5.333428000000001390e+00
5.474998000000001142e+00
5.616568000000000005e+00
5.762758000000000713e+00
5.915878000000001080e+00
6.068998000000000559e+00
6.226141724137931099e+00
6.389321034482759565e+00
6.552500344827588030e+00
6.719890000000002139e+00
6.891490000000001892e+00
7.064633928571430133e+00
7.251673214285715652e+00
7.438712500000001171e+00
7.626339999999999009e+00
7.815339999999997289e+00
8.005994285714280068e+00
8.211537142857142868e+00
8.417080000000002116e+00
8.628130000000002298e+00
8.839180000000000703e+00
9.057892857142856968e+00
9.278521428571432139e+00
9.503110000000001278e+00
9.729395714285715258e+00
9.954451000000002381e+00
1.017868599999999901e+01
1.042037411764705901e+01
1.067369764705882673e+01
1.091915941176470817e+01
1.116502882352941306e+01
1.141602294117647176e+01
1.167400529411764865e+01
1.193897588235294194e+01
1.220627588235294070e+01
1.247392529411765061e+01
1.273947823529412382e+01
1.300829235294118291e+01
1.328199823529412349e+01
1.355275999999999748e+01
1.382225999999999644e+01
1.411279749999999744e+01
1.440567249999999788e+01
1.469854749999998944e+01
1.499142250000000054e+01
1.528429750000000276e+01
1.557717250000000320e+01
1.587004750000000364e+01
