9.958324340556163889e-01
9.958324340556163889e-01
9.958324340556163889e-01
9.958324340556163889e-01
9.958324340556165000e-01
9.958324340556163889e-01
9.958324340556165000e-01
9.958872704496213313e-01
9.961614524196467091e-01
9.964356343896718649e-01
9.967098163596971316e-01
9.969360672594067552e-01
9.970904215536431359e-01
9.972447758478796276e-01
9.973991301421160083e-01
9.975534844363523890e-01
9.977078387305889917e-01
9.978621930248252614e-01
9.980165473190616421e-01
9.981709016132981338e-01
9.983252559075346255e-01
9.984796102017711172e-01
9.986339644960073869e-01
9.987883187902439897e-01
9.989426730844802593e-01
9.990970273787167510e-01
9.992513816729532428e-01
9.994057359671897345e-01
9.995600902614260042e-01
9.997144445556623849e-01
9.998687988498988766e-01
1.000023153144135479e+00
1.000177507438371638e+00
1.000331861732608241e+00
1.000486216026844399e+00
1.000640570321081002e+00
1.000794924615317605e+00
1.000949278909553763e+00
1.002899176309136164e+00
1.007542388366737596e+00
1.012185600424339249e+00
1.016828812481940458e+00
1.021472024539541668e+00
1.026115236597142877e+00
1.030758448654744530e+00
1.035401660712345961e+00
1.040044872769947171e+00
1.045052824950492010e+00
1.051519737622811590e+00
1.057986650295131170e+00
1.064453562967450528e+00
1.070920475639770109e+00
1.077387388312089467e+00
1.083854300984409047e+00
1.090321213656728405e+00
1.096788126329047763e+00
1.104883742933655100e+00
1.114608063470550414e+00
1.124332384007445507e+00
1.133437731376525592e+00
1.141924105577790671e+00
1.150410479779055972e+00
1.158896853980320829e+00
1.167383228181585908e+00
1.175869602382851209e+00
1.184355976584115844e+00
1.192842350785381145e+00
1.201328724986646446e+00
1.209815099187911303e+00
1.218301473389176381e+00
1.226787847590441460e+00
1.236048530724921823e+00
1.252277994258338634e+00
1.268507457791755666e+00
1.284736921325172698e+00
1.300966384858590175e+00
1.317195848392006985e+00
1.330992474214469201e+00
1.344518784735714512e+00
1.358045095256959600e+00
1.371571405778204689e+00
1.385097716299449999e+00
1.399631687103260580e+00
1.418196299037333130e+00
1.436760910971405902e+00
1.455325522905478008e+00
1.473890134839551003e+00
1.492454746773623553e+00
1.512371488523035046e+00
1.532867714479019927e+00
1.553363940435005253e+00
1.573860166390990356e+00
1.594356392346975460e+00
1.614852618302960563e+00
1.638502556007456423e+00
1.664254968210959307e+00
1.690007380414461746e+00
1.715759792617964186e+00
1.741512204821467069e+00
1.767949799178947679e+00
1.795986151895710536e+00
1.824022504612473172e+00
1.852058857329236030e+00
1.880095210045998444e+00
1.908131562762760858e+00
1.941522606268671680e+00
1.976252322471868661e+00
2.010982038675065642e+00
2.045711754878262845e+00
2.080441471081459603e+00
2.116008356233134435e+00
2.159109761921101711e+00
2.202211167609069431e+00
2.245312573297037151e+00
2.288413978985005315e+00
2.331515384672973035e+00
2.374616790360939422e+00
2.417718196048907142e+00
2.460819601736874418e+00
2.503921007424842138e+00
2.554392424467088141e+00
2.609777182412187368e+00
2.665161940357286152e+00
2.720546698302384492e+00
2.775931456247482831e+00
2.831316214192581171e+00
2.889662137413952614e+00
2.948337078999353711e+00
3.007012020584755252e+00
3.065686962170155905e+00
3.124361903755557446e+00
3.186296034497692720e+00
3.261266921866768698e+00
3.336237809235843788e+00
3.411208696604919322e+00
3.486179583973993967e+00
3.578218365204670626e+00
3.681635742343079887e+00
3.785053119481489148e+00
3.888470496619898409e+00
3.991887873758307670e+00
4.096524649821182251e+00
4.206039021581929660e+00
4.315553393342677069e+00
4.425067765103426254e+00
4.534582136864172774e+00
4.652898265418572876e+00
4.774986575455965720e+00
4.897074885493358565e+00
5.019163195530751409e+00
5.151202119278488922e+00
5.285728696453815267e+00
5.420255273629138948e+00
5.560567412939021459e+00
5.709557895450736886e+00
5.858548377962450537e+00
6.012401020742614399e+00
6.173546903925449136e+00
6.334692787108282985e+00
6.500073300515064822e+00
6.671805759257771307e+00
6.843538218000477791e+00
7.019701709500142606e+00
7.200296233756767528e+00
7.382515612592897014e+00
7.579358682644589784e+00
7.776201752696280778e+00
7.973663868663409815e+00
8.172570425099900504e+00
8.373217977699304981e+00
8.589534495764935329e+00
8.805851013830563900e+00
9.027963335184649551e+00
9.250075656538729874e+00
9.480252488616359940e+00
9.712445448374879220e+00
9.948805974077780334e+00
1.018695259947113030e+01
1.042380430258890556e+01
1.065979272418962687e+01
1.091414907981287818e+01
1.118075072478448106e+01
1.143907852560178995e+01
1.169783534056043095e+01
1.196198547615298402e+01
1.223349013988268297e+01
1.251234933174952779e+01
1.279366003299542420e+01
1.307533846064818128e+01
1.335481052985979389e+01
1.363771471220207054e+01
1.392576706424035038e+01
1.421072098081343604e+01
1.449434699647287772e+01
1.480011320621185789e+01
1.510833943751523378e+01
1.541656566881859902e+01
1.572479190012198380e+01
1.603301813142535792e+01
1.634124436272873382e+01
1.664947059403210972e+01
